datetime	sensor_0	sensor_1	sensor_2
time	continuous	continuous	continuous
	class	class	class
1601483288.0	50.37526	0.0	0.0
1601483287.0	49.91362	44.94109	49.119
1601483286.0	50.28116	47.33088	52.35361
1601483285.0	51.17833	45.06805	49.98404
1601483284.0	47.48338	44.36929	49.37604
1601483283.0	49.53336	48.40848	51.67635
1601483282.0	49.15912	48.6721	47.28212
1601483281.0	50.82167	45.61525	47.52448
1601483280.0	53.32185	45.92229	49.47495
1601483279.0	48.91854	46.15988	48.8847
1601483278.0	50.26497	44.05343	50.30248
1601483277.0	49.58066	42.79305	49.98113
1601483276.0	52.67517	45.93921	55.0211
1601483275.0	62.35922	55.22478	71.12176
1601483274.0	64.8451	53.59385	70.03736
1601483273.0	61.50909	53.09464	73.04489
1601483272.0	59.76654	53.49521	72.25416
1601483271.0	61.8777	53.11817	71.60925
1601483270.0	64.12875	52.98048	74.35365
1601483269.0	65.25579	53.92817	76.1618
1601483268.0	62.60087	54.00289	77.9259
1601483267.0	64.7149	56.4754	79.72756
1601483266.0	64.49191	55.10876	81.19781
1601483265.0	63.90658	57.12094	80.82092
1601483264.0	63.56264	56.18606	78.59011
1601483263.0	65.90471	56.03398	77.41918
1601483262.0	66.69956	57.83138	78.87622
1601483261.0	66.19275	58.01279	80.71739
1601483260.0	64.25831	55.08846	79.11948
1601483259.0	64.30319	55.68591	79.59023
1601483258.0	62.09413	53.74387	77.49819
1601483257.0	60.11132	53.76225	75.04771
1601483256.0	62.9832	54.05483	73.31693
1601483255.0	64.08395	54.78936	72.07826
1601483254.0	59.95065	53.7412	70.87136
1601483253.0	64.30766	51.22655	73.78385
1601483252.0	62.67474	55.91066	72.85983
1601483251.0	62.65083	55.12928	68.28613
1601483250.0	62.78642	54.27943	69.11814
1601483249.0	64.97822	54.97144	68.61924
1601483248.0	59.38518	53.47139	70.40392
1601483247.0	60.71781	52.17108	70.36217
1601483246.0	60.0975	53.62431	71.69269
1601483245.0	62.18834	53.54932	72.0843
1601483244.0	62.91192	53.56849	71.64141
1601483243.0	63.34259	53.39312	75.51649
1601483242.0	62.48552	55.21194	77.53922
1601483241.0	64.57511	55.21767	77.26803
1601483240.0	63.94509	56.53083	80.62992
1601483239.0	66.87624	57.3896	81.93939
1601483238.0	64.51492	57.18147	79.23596
1601483237.0	66.84399	57.1087	79.19585
1601483236.0	64.57986	56.11545	80.05284
1601483235.0	66.01617	55.73238	79.23286
1601483234.0	65.45901	58.55591	78.65028
1601483233.0	63.10951	58.0388	78.15746
1601483232.0	63.46573	58.63807	78.51552
1601483231.0	61.73724	56.87848	75.82877
1601483230.0	66.63635	58.71994	76.85675
1601483229.0	64.90865	59.27439	73.06277
1601483228.0	62.41596	58.53216	75.42609
1601483227.0	62.73248	59.07955	76.54145
1601483226.0	66.34103	56.77698	76.26495
1601483225.0	66.72935	55.79903	75.94927
1601483224.0	65.97376	55.53659	78.20733
1601483223.0	65.07359	56.36919	80.40422
1601483222.0	67.3784	55.88423	82.93613
1601483221.0	68.18451	58.56287	85.99039
1601483220.0	66.47648	59.15817	89.36617
1601483219.0	64.27072	58.85109	89.31591
1601483218.0	64.75365	56.11417	87.67945
1601483217.0	63.36083	56.09786	87.08556
1601483216.0	63.51202	55.76501	82.47123
1601483215.0	62.54218	56.89944	80.32833
1601483214.0	62.22919	55.09748	80.95153
1601483213.0	62.1895	55.33476	85.19264
1601483212.0	64.59639	57.26192	89.01629
1601483211.0	65.79649	56.27281	88.86424
1601483210.0	63.41016	56.95282	87.71601
1601483209.0	64.86944	58.38495	90.33017
1601483208.0	63.89287	56.13139	90.78539
1601483207.0	66.97871	58.27733	86.32553
1601483206.0	62.50699	55.27864	81.49945
1601483205.0	67.52129	58.92849	77.37705
1601483204.0	68.20552	56.26423	75.22883
1601483203.0	66.34395	56.59973	76.12144
1601483202.0	63.7729	57.83678	77.1083
1601483201.0	64.26771	56.51903	79.26781
1601483200.0	62.21337	53.98227	82.62019
1601483199.0	63.81465	56.68796	91.09072
1601483198.0	65.34082	57.91164	86.91843
1601483197.0	66.92476	61.08419	86.08959
1601483196.0	65.45708	58.36816	84.78907
1601483195.0	60.74616	55.52904	82.09009
1601483194.0	63.79011	55.41866	80.89097
1601483193.0	62.5311	55.00043	80.89723
1601483192.0	62.22182	55.29565	78.43058
1601483191.0	62.52182	55.28639	76.20773
1601483190.0	60.37033	54.29516	75.69284
1601483189.0	60.10276	53.91978	76.0216
1601483188.0	63.21844	54.11355	71.34664
1601483187.0	62.32916	54.59579	73.08872
1601483186.0	60.06327	55.32423	75.31495
1601483185.0	61.67005	54.35563	74.50308
1601483184.0	62.80629	55.59382	79.17001
1601483183.0	63.48818	56.29535	80.50517
1601483182.0	63.31994	55.47446	79.76001
1601483181.0	63.95746	55.88382	77.47449
1601483180.0	64.82328	57.38	79.76376
1601483179.0	65.55567	57.95744	79.17079
1601483178.0	63.77059	57.14616	78.65417
1601483177.0	63.2559	56.61726	76.52629
1601483176.0	66.51785	57.27539	77.54758
1601483175.0	62.00196	57.21286	74.80164
1601483174.0	65.28546	58.61349	78.74992
1601483173.0	64.39518	59.30827	79.10925
1601483172.0	63.38787	58.91375	78.07427
1601483171.0	61.4029	58.15166	79.58532
1601483170.0	64.95071	57.50494	78.75272
1601483169.0	67.05743	59.20826	77.94189
1601483168.0	65.47324	59.14538	76.04851
1601483167.0	64.58179	57.5043	78.4922
1601483166.0	63.81281	58.64772	77.12076
1601483165.0	61.73016	57.24856	75.55042
1601483164.0	65.81114	56.94438	77.39371
1601483163.0	62.36504	56.02837	78.46908
1601483162.0	63.74078	57.22559	77.06197
1601483161.0	63.68527	56.06705	76.68398
1601483160.0	61.45971	55.8204	75.95898
1601483159.0	62.32771	55.06348	75.19405
1601483158.0	63.17785	53.91682	75.20639
1601483157.0	65.40641	56.14877	74.49705
1601483156.0	61.96757	54.51877	72.47105
1601483155.0	64.05122	56.17114	76.44995
1601483154.0	63.58091	57.04929	76.37308
1601483153.0	62.50852	52.77124	75.83176
1601483152.0	59.36961	54.92572	76.28782
1601483151.0	61.72229	54.46748	73.74631
1601483150.0	62.04945	55.83679	73.44304
1601483149.0	63.70284	57.42777	75.22825
1601483148.0	64.10008	55.69297	74.36729
1601483147.0	65.18771	53.06178	72.70532
1601483146.0	64.50556	54.04702	76.03742
1601483145.0	62.92391	56.82013	76.43611
1601483144.0	59.88814	56.24521	75.263
1601483143.0	63.49653	57.56038	77.34942
1601483142.0	59.56719	52.89427	74.1215
1601483141.0	60.59531	55.26361	73.68295
1601483140.0	62.96556	54.80183	73.90991
1601483139.0	61.74268	56.41909	73.83263
1601483138.0	61.52823	56.43128	75.50626
1601483137.0	63.76354	56.49674	71.91055
1601483136.0	61.12	53.72181	71.33379
1601483135.0	60.41693	52.40633	74.14929
1601483134.0	62.2484	55.97448	73.32458
1601483133.0	61.39631	54.26786	75.02047
1601483132.0	62.84019	55.74237	74.93027
1601483131.0	63.65273	53.67935	75.17132
1601483130.0	59.42809	52.27809	72.06557
1601483129.0	59.89666	54.2368	76.45768
1601483128.0	61.59152	54.84583	78.08778
1601483127.0	62.08289	56.09225	76.31682
1601483126.0	61.65738	55.24791	76.36224
1601483125.0	59.52856	54.86212	76.05467
1601483124.0	61.662	54.62724	74.54247
1601483123.0	63.82565	55.81204	74.08858
1601483122.0	62.26252	53.71923	74.18745
1601483121.0	61.9328	53.20955	72.90511
1601483120.0	64.13099	58.43753	77.21584
1601483119.0	60.82646	53.57436	73.05623
1601483118.0	61.80125	54.52841	72.08134
1601483117.0	61.9682	59.43427	76.22565
1601483116.0	63.22443	57.15455	78.31007
1601483115.0	64.24486	58.79089	79.62885
1601483114.0	65.74658	57.58644	73.14394
1601483113.0	64.41596	52.51877	74.19409
1601483112.0	64.80661	54.32426	71.70512
1601483111.0	63.90603	53.09776	73.37108
1601483110.0	65.07433	55.90768	74.40127
1601483109.0	65.47215	53.34528	74.51965
1601483108.0	64.68459	58.54288	75.08523
1601483107.0	63.97962	57.80404	73.78959
1601483106.0	64.46725	57.69903	76.5082
1601483105.0	64.00366	57.78536	79.60399
1601483104.0	62.67412	56.60904	79.41535
1601483103.0	60.92288	56.79879	76.91299
1601483102.0	63.44264	56.24276	78.25076
1601483101.0	63.64273	55.58946	75.51092
1601483100.0	65.59306	57.55112	73.56117
1601483099.0	65.81793	54.68924	71.53707
1601483098.0	64.21262	53.94601	74.01582
1601483097.0	62.9497	53.95565	78.20579
1601483096.0	61.33183	55.8667	80.12495
1601483095.0	60.03799	55.67294	79.82034
1601483094.0	65.76784	55.97586	77.58488
1601483093.0	63.72347	56.11985	77.3363
1601483092.0	61.4314	56.84021	75.31008
1601483091.0	59.13618	54.97505	77.10339
1601483090.0	63.18835	55.48041	79.73943
1601483089.0	61.25567	54.43354	79.12622
1601483088.0	62.3062	52.01043	74.88158
1601483087.0	65.02342	56.16903	77.7038
1601483086.0	64.90791	56.78315	78.81971
1601483085.0	64.66914	56.34683	78.57814
1601483084.0	63.25678	55.32764	79.1814
1601483083.0	62.70419	55.03551	76.92778
1601483082.0	62.8525	55.59468	75.47664
1601483081.0	65.56455	58.07331	77.9498
1601483080.0	63.50521	55.27517	75.79366
1601483079.0	62.92701	54.21951	74.34575
1601483078.0	63.82893	55.19515	76.62894
1601483077.0	64.60065	55.31716	77.19181
1601483076.0	64.03454	55.5121	77.4199
1601483075.0	62.35986	55.85707	77.43269
1601483074.0	63.7895	52.19271	75.80471
1601483073.0	63.80497	56.13458	77.15156
1601483072.0	63.67683	54.24351	77.96355
1601483071.0	64.03998	54.76631	75.42081
1601483070.0	63.09226	54.16844	76.53828
1601483069.0	65.41058	54.6787	75.10188
1601483068.0	66.48915	56.20716	73.41157
1601483067.0	66.27835	56.87513	77.49882
1601483066.0	63.13581	55.69535	77.88898
1601483065.0	62.12291	55.48783	78.30772
1601483064.0	67.57672	59.16388	76.88377
1601483063.0	65.25281	58.01083	78.34806
1601483062.0	61.58227	58.37994	79.06746
1601483061.0	64.19338	59.0332	80.06275
1601483060.0	64.45621	57.80253	79.31705
1601483059.0	62.83896	56.44484	79.49887
1601483058.0	61.66936	57.36108	77.15911
1601483057.0	61.43776	55.79035	75.36783
1601483056.0	61.3497	55.85909	76.08741
1601483055.0	62.1084	57.65984	73.87295
1601483054.0	60.92453	56.07769	75.58162
1601483053.0	62.08698	57.54958	74.08305
1601483052.0	63.07423	57.38099	73.91193
1601483051.0	61.40548	54.76271	73.4994
1601483050.0	63.17495	55.58969	71.66882
1601483049.0	61.98669	55.87679	73.23867
1601483048.0	61.74918	56.41438	70.56075
1601483047.0	60.61443	54.87816	72.15163
1601483046.0	61.18195	53.63097	70.74963
1601483045.0	62.43445	57.55197	72.07191
1601483044.0	61.45782	55.78661	71.86211
1601483043.0	63.95766	55.44277	73.30733
1601483042.0	61.32092	55.3973	71.60995
1601483041.0	61.85667	54.86854	72.81703
1601483040.0	61.14852	54.42542	73.4731
1601483039.0	62.45504	58.10532	76.52976
1601483038.0	60.55079	55.28856	73.87918
1601483037.0	62.80794	59.13518	77.91295
1601483036.0	63.94393	56.189	77.38319
1601483035.0	61.52059	58.64017	78.14995
1601483034.0	64.14086	57.99169	79.46999
1601483033.0	61.09996	58.40608	78.45604
1601483032.0	61.88059	57.18787	79.01411
1601483031.0	64.60842	59.36172	80.21372
1601483030.0	63.46753	57.2384	77.42612
1601483029.0	62.92739	57.95474	77.86506
1601483028.0	64.03034	56.35146	78.50304
1601483027.0	64.00819	58.3013	76.75198
1601483026.0	62.34131	55.53811	78.349
1601483025.0	62.80954	54.60844	76.40119
1601483024.0	65.82415	54.75778	74.92292
1601483023.0	63.63991	56.03809	73.22467
1601483022.0	65.68896	58.46543	77.42176
1601483021.0	65.67534	54.35123	79.61709
1601483020.0	66.94714	57.95895	81.3848
1601483019.0	67.24683	57.95626	80.50641
1601483018.0	64.04809	56.17943	78.93369
1601483017.0	66.01511	57.84218	76.34354
1601483016.0	64.44155	56.52286	76.22896
1601483015.0	67.03027	57.14628	76.94812
1601483014.0	65.68678	56.42965	76.08859
1601483013.0	64.98888	56.40995	79.19607
1601483012.0	67.17927	57.68279	81.60064
1601483011.0	68.56488	56.34011	82.5052
1601483010.0	67.15546	57.72933	82.80981
1601483009.0	63.23757	57.9188	81.30896
1601483008.0	63.36633	54.21536	80.69097
1601483007.0	61.44919	55.74712	79.88076
1601483006.0	63.58233	52.186	79.52128
1601483005.0	63.92357	55.4374	78.55501
1601483004.0	65.52029	57.61829	80.78271
1601483003.0	64.61744	58.82649	80.00887
1601483002.0	65.30966	60.15313	84.64604
1601483001.0	65.49976	59.92886	82.71342
1601483000.0	63.76397	55.88808	80.05187
1601482999.0	62.37536	55.89794	80.04878
1601482998.0	63.46479	53.63878	80.41206
1601482997.0	61.46016	54.40156	78.74045
1601482996.0	65.09987	54.67244	80.22321
1601482995.0	66.81686	58.57684	82.25631
1601482994.0	67.07625	60.16855	85.3812
1601482993.0	64.0637	56.86845	87.71068
1601482992.0	64.98278	57.52469	88.85598
1601482991.0	63.9319	55.01382	89.61534
1601482990.0	62.69442	55.04201	82.64593
1601482989.0	65.59786	57.98065	81.47216
1601482988.0	65.19794	58.25526	79.00549
1601482987.0	65.68922	59.43298	78.25063
1601482986.0	66.2355	59.4174	76.32198
1601482985.0	67.57937	60.88394	77.95237
1601482984.0	66.88371	57.90265	77.28191
1601482983.0	65.18518	57.16896	77.108
1601482982.0	67.04308	56.83232	75.30887
1601482981.0	64.195	57.05645	75.43194
1601482980.0	65.36427	54.26351	77.80689
1601482979.0	65.6498	55.3311	77.87259
1601482978.0	64.92152	57.03849	77.38556
1601482977.0	66.38275	57.72019	79.01272
1601482976.0	64.87926	55.45377	78.58371
1601482975.0	66.86114	57.70418	76.00037
1601482974.0	64.90611	54.7599	75.29688
1601482973.0	66.88036	57.00228	75.89402
1601482972.0	65.85507	56.85192	76.59712
1601482971.0	66.32809	57.57436	76.76338
1601482970.0	66.05921	56.07973	80.89946
1601482969.0	65.68114	56.16903	76.44931
1601482968.0	65.9381	56.58762	73.94151
1601482967.0	65.57685	56.72479	74.46994
1601482966.0	66.29805	57.19343	73.04372
1601482965.0	64.20584	56.42871	75.18487
1601482964.0	64.83207	57.58254	75.66511
1601482963.0	67.40833	56.45259	75.52225
1601482962.0	66.0457	58.19459	73.03648
1601482961.0	67.14948	58.40688	73.59157
1601482960.0	64.74141	53.36143	76.26637
1601482959.0	65.36218	55.38459	78.37338
1601482958.0	65.16099	57.20855	77.71163
1601482957.0	63.92966	58.58678	73.90579
1601482956.0	63.80563	56.50624	75.30703
1601482955.0	64.56446	57.04279	74.86653
1601482954.0	64.00352	57.40463	74.91084
1601482953.0	65.7953	59.28392	76.05984
1601482952.0	64.89307	55.701	73.88169
1601482951.0	65.18344	58.36168	73.78784
1601482950.0	64.44627	58.25273	74.8394
1601482949.0	65.38377	58.45949	75.13757
1601482948.0	61.85562	58.21577	72.25447
1601482947.0	65.58801	57.01991	73.39707
1601482946.0	63.38305	56.78531	76.69075
1601482945.0	64.14898	57.39606	71.19026
1601482944.0	65.92077	58.12254	72.23098
1601482943.0	64.82506	58.29133	72.07172
1601482942.0	63.54584	57.36126	71.69578
1601482941.0	62.92109	58.22405	70.3428
1601482940.0	62.80884	57.74737	71.24709
1601482939.0	63.63907	56.78361	69.98646
1601482938.0	65.43539	57.46134	73.21603
1601482937.0	64.67732	57.41156	73.76179
1601482936.0	65.47918	57.13686	74.81352
1601482935.0	62.13023	57.15353	72.02144
1601482934.0	64.81229	57.18341	72.55232
1601482933.0	64.53143	56.41486	73.01437
1601482932.0	64.80502	56.56857	72.99435
1601482931.0	66.15365	58.44063	74.54988
1601482930.0	63.72004	56.44538	73.87492
1601482929.0	63.60244	56.76173	72.80236
1601482928.0	63.35303	54.91695	72.77307
1601482927.0	65.03037	57.31973	73.47186
1601482926.0	63.68246	58.09536	73.59012
1601482925.0	64.00761	57.19795	73.14317
1601482924.0	64.66412	55.08331	74.63372
1601482923.0	62.82355	54.98436	75.40649
1601482922.0	63.16091	55.4724	72.82421
1601482921.0	65.80629	56.81096	73.97593
1601482920.0	67.07926	59.10767	72.54121
1601482919.0	64.51833	57.24692	71.72167
1601482918.0	65.84456	56.26281	72.80152
1601482917.0	64.14789	54.53294	73.28352
1601482916.0	64.90267	57.32642	76.17644
1601482915.0	63.85342	57.82833	75.07024
1601482914.0	64.0476	57.41176	73.13596
1601482913.0	63.27768	58.66684	72.1468
1601482912.0	64.94211	58.0178	74.11809
1601482911.0	65.28536	58.4994	74.68542
1601482910.0	65.7831	57.07454	72.43185
1601482909.0	64.72417	55.26595	72.9052
1601482908.0	63.22266	57.49187	75.40484
1601482907.0	64.19799	58.77053	78.5501
1601482906.0	66.09808	57.21705	78.08849
1601482905.0	64.05585	57.01079	72.38158
1601482904.0	65.53392	57.94147	71.8232
1601482903.0	64.53661	56.4837	71.37003
1601482902.0	67.3872	57.96117	77.15555
1601482901.0	67.91624	59.34771	71.87418
1601482900.0	68.33064	57.72528	73.15286
1601482899.0	65.71819	58.41025	73.94591
1601482898.0	66.99194	58.81849	75.81078
1601482897.0	67.66208	60.54399	77.59119
1601482896.0	65.81689	58.23425	80.87667
1601482895.0	68.32826	59.06116	78.74337
1601482894.0	65.88429	58.44288	77.77617
1601482893.0	66.67882	59.2075	76.35348
1601482892.0	69.05272	59.53814	74.61835
1601482891.0	66.81519	60.67744	71.13898
1601482890.0	66.05177	60.08705	71.14968
1601482889.0	66.64227	60.1276	69.29823
1601482888.0	67.03962	60.94236	68.89571
1601482887.0	66.82418	61.99643	68.97614
1601482886.0	63.51768	61.36348	68.85309
1601482885.0	66.9404	63.90484	65.90575
1601482884.0	65.09855	63.46549	68.49903
1601482883.0	66.92433	65.72426	67.44108
1601482882.0	67.39775	65.65812	63.10012
1601482881.0	67.17306	64.72657	70.48717
1601482880.0	66.8457	65.09725	67.93231
1601482879.0	65.85757	62.75634	67.24226
1601482878.0	65.01098	61.6118	66.57554
1601482877.0	67.47571	64.6918	68.87737
1601482876.0	65.50269	63.44656	65.77918
1601482875.0	67.11958	63.68351	68.59055
1601482874.0	63.86186	63.54537	67.99054
1601482873.0	65.7779	61.93854	70.28956
1601482872.0	64.98409	61.92253	70.01992
1601482871.0	64.40131	62.82855	70.72871
1601482870.0	64.16608	61.64776	69.2487
1601482869.0	66.18946	62.32835	71.13094
1601482868.0	65.45874	61.81827	69.75042
1601482867.0	64.72101	61.75171	68.55954
1601482866.0	64.16259	61.47318	70.81122
1601482865.0	66.34203	63.69464	71.15753
1601482864.0	66.43185	61.04051	72.21687
1601482863.0	62.89673	60.64357	71.48379
1601482862.0	66.34366	61.00094	70.10922
1601482861.0	64.60186	61.62312	70.84869
1601482860.0	67.67767	63.70993	71.57844
1601482859.0	69.39358	65.7188	74.77163
1601482858.0	66.73376	62.23534	69.47629
1601482857.0	68.8647	64.3305	70.81431
1601482856.0	69.12159	65.18669	71.80185
1601482855.0	67.20473	62.37096	71.74562
1601482854.0	67.93822	64.42659	71.7392
1601482853.0	66.49692	64.24822	72.12624
1601482852.0	69.31084	65.08275	71.88787
1601482851.0	68.32249	65.60195	71.08205
1601482850.0	70.74538	68.28516	71.88534
1601482849.0	64.60005	64.58189	71.99592
1601482848.0	66.99991	65.36108	71.1448
1601482847.0	71.12244	68.1947	71.34014
1601482846.0	67.88687	67.67371	71.24225
1601482845.0	69.87295	67.14189	70.42726
1601482844.0	70.918	68.77977	70.62174
1601482843.0	68.34859	67.86968	68.70313
1601482842.0	70.59312	65.95455	70.34933
1601482841.0	68.23083	68.74026	69.75793
1601482840.0	67.59533	65.60202	68.6006
1601482839.0	70.67622	67.40636	69.95245
1601482838.0	71.27304	68.36147	71.35455
1601482837.0	67.47464	64.79723	72.1898
1601482836.0	67.28699	66.89496	70.55114
1601482835.0	67.79121	68.16116	71.96362
1601482834.0	66.87722	63.74941	69.82109
1601482833.0	70.31517	67.36971	73.9099
1601482832.0	67.69007	64.14807	70.81695
1601482831.0	68.85663	65.96168	69.12119
1601482830.0	69.64306	69.81094	68.88543
1601482829.0	71.04148	73.44769	67.45252
1601482828.0	69.49301	72.61544	68.05367
1601482827.0	67.21436	71.88056	70.04799
1601482826.0	67.52787	67.60992	69.46528
1601482825.0	69.05134	69.25909	69.12626
1601482824.0	67.1075	71.01073	68.15601
1601482823.0	69.61268	73.9012	69.17959
1601482822.0	69.95557	77.32796	69.83453
1601482821.0	69.56419	76.08061	68.15868
1601482820.0	70.57701	77.44985	66.39552
1601482819.0	68.08832	75.17548	68.76935
1601482818.0	66.82645	69.44602	68.18193
1601482817.0	67.03552	69.15794	66.32552
1601482816.0	70.12924	66.89281	68.34856
1601482815.0	69.02423	67.97286	68.36009
1601482814.0	66.97751	62.82516	69.64993
1601482813.0	66.80718	60.14065	69.62431
1601482812.0	67.30274	59.88467	71.73224
1601482811.0	62.95345	57.53192	72.7664
1601482810.0	65.71731	61.87875	67.17997
1601482809.0	64.4866	60.37725	66.97025
1601482808.0	65.74797	61.7748	67.79069
1601482807.0	65.54814	61.08485	70.16972
1601482806.0	66.55901	62.16565	72.1973
1601482805.0	68.47762	62.89641	68.58265
1601482804.0	68.48164	61.92368	71.36784
1601482803.0	67.63879	62.47995	72.0138
1601482802.0	65.3606	60.8779	73.0715
1601482801.0	63.54916	60.33992	69.81137
1601482800.0	66.05857	61.88525	68.11285
1601482799.0	65.31086	59.77269	69.86386
1601482798.0	64.77667	60.5522	71.84006
1601482797.0	66.40714	62.21573	73.48514
1601482796.0	65.08369	61.29068	72.77337
1601482795.0	62.64944	59.02983	72.60861
1601482794.0	66.97193	60.71002	68.92878
1601482793.0	66.92001	61.18034	68.52148
1601482792.0	65.83386	59.95798	71.97519
1601482791.0	67.18411	62.29729	74.00017
1601482790.0	65.18676	62.27922	73.60931
1601482789.0	63.58764	60.12742	72.21511
1601482788.0	65.23621	59.7714	69.90256
1601482787.0	65.75941	61.50963	70.34137
1601482786.0	66.99802	61.77485	67.37051
1601482785.0	64.7747	60.62079	70.42909
1601482784.0	67.59723	62.10852	71.48745
1601482783.0	67.77739	62.76536	71.80583
1601482782.0	66.62074	62.14338	71.71918
1601482781.0	64.18945	60.77726	72.30255
1601482780.0	59.92651	57.91561	69.29941
1601482779.0	64.42281	60.31594	67.96548
1601482778.0	62.64331	58.89762	71.549
1601482777.0	63.79408	58.49546	74.20216
1601482776.0	66.89182	59.35839	73.71586
1601482775.0	64.67941	59.09964	73.52271
1601482774.0	66.3785	60.95531	71.85374
1601482773.0	66.4238	60.11191	71.78297
1601482772.0	66.27836	60.67142	73.3205
1601482771.0	67.38524	61.94149	73.81804
1601482770.0	67.15145	62.9665	74.85278
1601482769.0	66.61146	59.51261	74.86967
1601482768.0	62.59523	58.29418	72.04275
1601482767.0	65.55519	59.12603	68.33037
1601482766.0	66.77641	59.51261	66.7498
1601482765.0	65.82738	60.37732	67.58753
1601482764.0	65.60784	59.71066	70.96854
1601482763.0	64.18945	59.27213	70.9007
1601482762.0	64.5095	58.84325	72.61997
1601482761.0	64.33675	59.35519	70.24991
1601482760.0	67.18765	60.04369	65.54863
1601482759.0	64.91125	59.85881	68.93623
1601482758.0	65.04088	58.96622	71.59946
1601482757.0	64.90997	60.56805	72.23271
1601482756.0	64.76752	59.00344	71.9387
1601482755.0	63.89707	61.31333	69.94678
1601482754.0	63.78837	58.05783	67.30596
1601482753.0	63.76513	58.87276	71.73747
1601482752.0	65.03114	58.42578	71.77943
1601482751.0	66.36474	59.65659	72.133
1601482750.0	64.65213	58.25692	72.3904
1601482749.0	63.54438	58.09205	70.45118
1601482748.0	64.0161	59.08738	70.77415
1601482747.0	63.27312	58.42626	68.61664
1601482746.0	61.42589	56.89855	70.35651
1601482745.0	65.44993	59.22104	70.93037
1601482744.0	64.17973	57.48064	75.0695
1601482743.0	66.17949	58.39171	74.32826
1601482742.0	65.05145	59.79657	75.52895
1601482741.0	65.83358	58.9235	74.15888
1601482740.0	61.40771	56.66574	71.52239
1601482739.0	65.16592	59.66184	71.33323
1601482738.0	64.23785	58.18092	68.3513
1601482737.0	63.6378	57.59097	74.09058
1601482736.0	60.17478	55.40821	70.69248
1601482735.0	62.80277	54.98476	72.10621
1601482734.0	64.07278	57.84049	73.80306
1601482733.0	63.24154	56.44732	71.9467
1601482732.0	64.91222	58.014	72.42415
1601482731.0	64.23958	58.12973	70.5798
1601482730.0	67.90955	61.46598	69.37683
1601482729.0	67.087	61.02464	69.22073
1601482728.0	65.04816	60.05543	68.55287
1601482727.0	68.87892	63.66061	69.27445
1601482726.0	67.15292	62.85514	69.31484
1601482725.0	69.06213	66.25089	71.82463
1601482724.0	69.5156	65.08214	71.34662
1601482723.0	70.00688	65.92841	71.85062
1601482722.0	70.68601	65.797	72.73434
1601482721.0	65.90548	64.16172	67.92261
1601482720.0	67.61535	69.19334	69.75082
1601482719.0	67.84996	67.86681	67.97389
1601482718.0	68.69349	70.92698	67.24666
1601482717.0	67.62948	70.10093	66.31863
1601482716.0	69.23334	75.19046	67.40279
1601482715.0	69.82224	75.64935	67.32495
1601482714.0	70.44832	74.76045	68.34051
1601482713.0	70.59453	77.04073	65.25863
1601482712.0	66.70918	74.12849	66.3074
1601482711.0	68.35719	77.39181	69.39281
1601482710.0	68.82887	75.99416	69.37181
1601482709.0	67.3109	76.01879	66.93666
1601482708.0	69.51553	77.28823	65.34216
1601482707.0	71.38712	76.02016	64.65195
1601482706.0	69.19952	74.10709	62.86092
1601482705.0	68.97986	77.17114	63.46659
1601482704.0	69.45493	77.31993	64.44398
1601482703.0	67.4319	79.0191	69.2331
1601482702.0	71.41023	77.73513	67.75228
1601482701.0	69.8288	80.73074	67.20961
1601482700.0	70.74964	77.59239	66.73518
1601482699.0	66.251	75.23954	65.56634
1601482698.0	68.59202	76.7969	69.77175
1601482697.0	68.09702	77.16699	65.22932
1601482696.0	69.43282	76.29892	64.93022
1601482695.0	68.93716	76.11329	64.8382
1601482694.0	68.89201	77.8074	65.38757
1601482693.0	69.2812	77.67059	67.04527
1601482692.0	70.90532	77.67696	67.54566
1601482691.0	69.44211	76.22738	66.64704
1601482690.0	71.53172	72.10705	66.82804
1601482689.0	72.3438	68.96679	64.56072
1601482688.0	73.67859	66.89233	65.19479
1601482687.0	74.5236	64.22012	66.43748
1601482686.0	74.9276	63.03738	66.23285
1601482685.0	74.70829	62.95613	66.4949
1601482684.0	72.74599	58.10582	62.80225
1601482683.0	73.14432	56.07291	63.74063
1601482682.0	73.26333	55.911	60.98946
1601482681.0	69.53371	57.26532	61.64179
1601482680.0	71.58234	58.27459	65.25506
1601482679.0	71.52471	57.49668	64.39375
1601482678.0	72.51526	56.94248	62.10801
1601482677.0	72.29774	58.88874	62.85111
1601482676.0	72.45916	58.02353	64.11948
1601482675.0	73.74767	57.45272	62.55442
1601482674.0	71.10843	56.35024	63.27807
1601482673.0	70.44297	58.148	63.0039
1601482672.0	69.43493	57.7578	63.46643
1601482671.0	71.22702	56.84826	63.4888
1601482670.0	72.98542	59.13667	62.17304
1601482669.0	71.87401	58.49107	65.33156
1601482668.0	71.84129	56.28876	63.70573
1601482667.0	69.33464	57.51587	62.96165
1601482666.0	72.20895	58.57915	63.45185
1601482665.0	73.02625	57.96143	62.53582
1601482664.0	69.32891	57.57508	59.39688
1601482663.0	69.72087	55.95561	60.06264
1601482662.0	70.96532	56.04584	61.37981
1601482661.0	70.17657	56.38633	63.10211
1601482660.0	69.90203	54.11458	58.43516
1601482659.0	70.85641	55.12722	56.73061
1601482658.0	69.72146	55.4678	56.41373
1601482657.0	69.50608	54.04879	59.03965
1601482656.0	68.1979	54.52716	58.60501
1601482655.0	67.0674	54.95262	59.48804
1601482654.0	68.55887	55.49942	60.74438
1601482653.0	70.60092	56.51076	61.91561
1601482652.0	72.4556	57.35596	62.85009
1601482651.0	71.30804	56.68459	64.08747
1601482650.0	72.39793	56.41827	61.29987
1601482649.0	73.82421	58.25143	61.53033
1601482648.0	73.62991	57.78988	62.27393
1601482647.0	71.64624	56.2047	62.04355
1601482646.0	71.79794	53.86882	61.79299
1601482645.0	70.44392	55.44999	61.65456
1601482644.0	73.53694	55.71826	63.35025
1601482643.0	73.53037	58.20755	61.69682
1601482642.0	73.82397	57.80427	64.55981
1601482641.0	72.20237	57.61433	62.93555
1601482640.0	74.29565	59.74453	64.46992
1601482639.0	74.21294	57.32716	61.07369
1601482638.0	72.71328	58.9353	60.97642
1601482637.0	74.39083	58.40158	62.86061
1601482636.0	74.70036	56.37926	63.50312
1601482635.0	75.32323	57.83401	62.66414
1601482634.0	75.21217	58.3357	62.69059
1601482633.0	76.16956	58.92587	63.1267
1601482632.0	74.10545	58.54558	60.97245
1601482631.0	69.44106	54.84311	57.16877
1601482630.0	69.95349	55.38912	56.60246
1601482629.0	67.05196	55.5281	58.39321
1601482628.0	68.39008	55.55215	60.61827
1601482627.0	69.4059	53.91281	60.08427
1601482626.0	69.99429	56.74911	60.10638
1601482625.0	71.60937	55.33138	59.86765
1601482624.0	72.73659	56.89091	58.57529
1601482623.0	74.91077	56.93806	61.90625
1601482622.0	72.11939	55.84533	61.02937
1601482621.0	71.90583	57.24258	59.44864
1601482620.0	71.71889	56.05187	59.11388
1601482619.0	70.7671	55.99971	59.98572
1601482618.0	73.87605	57.94046	60.68503
1601482617.0	73.54436	57.57492	59.30304
1601482616.0	74.04059	58.72422	59.22704
1601482615.0	72.45257	58.81419	60.13254
1601482614.0	71.77054	56.3315	59.71094
1601482613.0	69.62757	53.75825	61.39157
1601482612.0	72.67615	57.54055	60.36642
1601482611.0	71.82589	57.66029	58.89305
1601482610.0	73.82274	57.22564	62.76752
1601482609.0	77.93075	56.71526	62.01075
1601482608.0	76.55002	59.42792	64.13511
1601482607.0	77.64867	58.84195	63.23294
1601482606.0	77.33257	57.95845	62.47718
1601482605.0	77.77322	59.65321	63.51237
1601482604.0	77.145	59.74846	62.73523
1601482603.0	78.50108	57.67266	63.46731
1601482602.0	78.36032	57.28187	62.01576
1601482601.0	77.77308	58.31295	60.58445
1601482600.0	76.70678	58.28234	59.15592
1601482599.0	76.82955	59.80278	63.41987
1601482598.0	77.97944	57.01925	62.57789
1601482597.0	79.5182	59.28503	63.7274
1601482596.0	79.90935	58.83754	62.12155
1601482595.0	79.84958	58.40966	62.12453
1601482594.0	79.62118	59.51814	62.93319
1601482593.0	79.91486	59.42001	65.42043
1601482592.0	80.8363	60.24677	63.88005
1601482591.0	80.21988	57.50617	61.8587
1601482590.0	79.17721	56.40774	62.58373
1601482589.0	82.60161	61.40147	66.02803
1601482588.0	81.01346	58.46898	62.76436
1601482587.0	78.16623	59.0654	63.25632
1601482586.0	80.03701	59.50259	60.91066
1601482585.0	77.82732	59.33532	59.15802
1601482584.0	76.59484	58.48858	61.31326
1601482583.0	77.02073	60.25257	60.98472
1601482582.0	79.6929	59.26827	62.54348
1601482581.0	82.25698	60.72883	64.67465
1601482580.0	81.56606	59.84954	64.37955
1601482579.0	83.15899	61.25967	64.62215
1601482578.0	82.20651	58.51742	64.3029
1601482577.0	82.34713	58.14423	63.71267
1601482576.0	83.70442	58.77654	62.80276
1601482575.0	81.07624	59.03255	63.87183
1601482574.0	83.26407	59.35467	64.77551
1601482573.0	81.67252	58.65334	63.61015
1601482572.0	83.78638	57.35754	61.39873
1601482571.0	82.90604	56.85921	63.69613
1601482570.0	83.11133	60.01645	63.84647
1601482569.0	84.30009	58.89951	64.06728
1601482568.0	85.89044	58.57018	62.12859
1601482567.0	85.07655	61.09025	64.37235
1601482566.0	83.4285	59.35835	63.85071
1601482565.0	82.55097	57.05893	62.53555
1601482564.0	79.40553	56.59762	60.53297
1601482563.0	76.79044	56.60758	62.78009
1601482562.0	73.94447	55.44642	61.17304
1601482561.0	72.36517	56.28796	60.13941
1601482560.0	72.60339	56.841	62.20097
1601482559.0	70.76337	55.92097	61.14717
1601482558.0	68.46489	53.13419	58.96957
1601482557.0	68.98826	53.81528	60.24123
1601482556.0	70.42095	54.4345	62.24925
1601482555.0	65.10812	52.30103	57.2261
1601482554.0	66.11383	52.32116	58.23412
1601482553.0	66.39153	53.45434	57.05798
1601482552.0	69.16763	53.87185	60.1869
1601482551.0	69.91373	53.99156	61.07747
1601482550.0	71.40325	56.38917	61.30045
1601482549.0	72.63819	55.8507	60.83054
1601482548.0	74.32756	55.12257	60.53089
1601482547.0	76.24866	56.30872	61.89526
1601482546.0	78.53258	57.81744	62.41437
1601482545.0	82.65497	58.41383	61.41827
1601482544.0	83.07251	57.1919	61.67818
1601482543.0	80.38682	56.97131	63.70582
1601482542.0	76.63229	56.74422	62.28812
1601482541.0	75.57728	56.48142	63.18558
1601482540.0	73.75423	57.05256	62.54651
1601482539.0	72.81884	55.67847	64.5447
1601482538.0	72.10567	54.52989	61.94311
1601482537.0	69.99228	55.20922	60.60954
1601482536.0	70.41989	56.24723	61.18206
1601482535.0	68.90844	54.22167	61.57432
1601482534.0	66.85696	52.41942	60.99179
1601482533.0	66.66229	53.01019	60.06537
1601482532.0	64.85522	53.00301	60.1249
1601482531.0	64.55193	51.07696	62.53528
1601482530.0	65.26129	53.26149	62.14193
1601482529.0	64.06548	54.7839	59.4566
1601482528.0	65.86858	56.30453	63.50626
1601482527.0	65.22372	54.11914	60.7083
1601482526.0	67.72202	53.5461	62.02535
1601482525.0	67.5512	53.6325	58.99678
1601482524.0	69.77532	55.59238	60.95345
1601482523.0	68.35875	54.90595	62.76142
1601482522.0	69.81004	54.56578	60.78739
1601482521.0	71.94247	57.11476	63.47977
1601482520.0	73.67751	55.68531	61.40366
1601482519.0	75.41833	57.90251	63.38429
1601482518.0	77.7407	58.11168	63.30453
1601482517.0	79.15243	55.64482	61.73159
1601482516.0	79.8451	58.66256	64.83002
1601482515.0	82.78188	57.88578	63.18581
1601482514.0	81.29173	57.86427	63.45949
1601482513.0	78.41522	60.7279	66.46751
1601482512.0	76.93293	56.20606	61.74564
1601482511.0	74.20689	56.13506	61.85685
1601482510.0	74.3667	56.29823	62.83273
1601482509.0	73.8614	59.09724	64.18493
1601482508.0	71.98112	56.53545	63.71117
1601482507.0	71.89724	57.19505	62.08786
1601482506.0	73.53073	59.10905	65.79771
1601482505.0	69.19076	57.44767	62.55415
1601482504.0	68.18522	52.97882	62.93273
1601482503.0	66.48491	53.09331	60.17154
1601482502.0	64.39115	53.00741	58.56955
1601482501.0	64.32732	54.49465	59.72811
1601482500.0	66.37714	54.66752	61.74493
1601482499.0	65.12355	53.33481	60.00748
1601482498.0	66.46548	50.81237	60.20235
1601482497.0	65.58015	49.99414	57.97861
1601482496.0	67.77797	54.7812	59.78185
1601482495.0	67.63547	53.86163	60.08555
1601482494.0	68.40028	55.55119	59.94912
1601482493.0	67.6107	54.90341	60.61069
1601482492.0	70.75372	54.84352	60.68044
1601482491.0	70.93835	54.85346	62.60402
1601482490.0	72.63543	53.01438	61.87809
1601482489.0	72.60626	54.31951	62.1302
1601482488.0	74.15501	56.06885	63.67761
1601482487.0	77.42093	57.55246	63.71074
1601482486.0	81.18439	57.4372	63.51591
1601482485.0	82.34243	59.89607	64.78511
1601482484.0	84.09814	59.9997	64.46227
1601482483.0	82.07617	58.26177	61.29453
1601482482.0	81.82285	58.28355	64.44523
1601482481.0	86.15978	57.8076	64.84494
1601482480.0	85.08642	61.68436	62.22284
1601482479.0	86.38983	58.9049	62.02153
1601482478.0	85.61826	58.48133	63.39083
1601482477.0	86.31702	58.53027	65.32466
1601482476.0	87.79345	60.45107	63.18533
1601482475.0	88.47876	61.83865	63.24699
1601482474.0	87.31834	60.40757	60.8225
1601482473.0	84.74108	60.15168	60.44017
1601482472.0	87.48988	60.48352	61.50472
1601482471.0	89.44955	62.2611	60.77399
1601482470.0	89.05499	60.69336	63.40574
1601482469.0	88.4147	59.89387	62.16725
1601482468.0	89.78621	58.93673	62.11243
1601482467.0	84.10414	59.69659	62.89718
1601482466.0	79.73532	60.57798	64.82891
1601482465.0	78.63673	62.70575	66.18851
1601482464.0	77.29614	63.05927	64.52898
1601482463.0	71.46174	62.81609	64.96396
1601482462.0	70.10288	62.60679	66.73159
1601482461.0	70.9151	62.26722	66.7182
1601482460.0	70.06142	61.36795	68.20567
1601482459.0	67.58864	60.15316	69.18759
1601482458.0	66.51968	61.45871	70.05056
1601482457.0	65.56355	60.62096	71.17352
1601482456.0	65.53605	59.11407	71.05205
1601482455.0	67.22597	61.16991	69.55695
1601482454.0	67.23212	59.82015	70.39653
1601482453.0	67.75127	61.77737	70.39261
1601482452.0	66.1537	62.50081	72.14909
1601482451.0	66.79449	61.57079	71.42183
1601482450.0	67.36369	60.73413	70.82481
1601482449.0	67.6693	62.13292	67.35149
1601482448.0	69.29901	61.92399	67.08504
1601482447.0	69.45434	62.31403	67.19582
1601482446.0	67.13265	60.66111	68.3387
1601482445.0	68.45144	61.93648	66.92323
1601482444.0	67.32506	62.76768	70.23047
1601482443.0	66.58016	60.23371	71.47789
1601482442.0	67.675	62.46434	72.33894
1601482441.0	67.60676	60.23471	72.48685
1601482440.0	67.4666	61.40311	71.69564
1601482439.0	67.27171	60.32032	67.69289
1601482438.0	68.36798	62.22712	68.09139
1601482437.0	69.09908	61.99395	68.97486
1601482436.0	71.91097	64.1888	66.32745
1601482435.0	74.3053	64.23007	66.89334
1601482434.0	72.17616	65.40926	67.31746
1601482433.0	70.47372	63.61818	65.57785
1601482432.0	69.17793	64.00646	67.53249
1601482431.0	68.4558	61.39363	67.99219
1601482430.0	67.03319	61.97314	69.37659
1601482429.0	66.50862	62.4921	71.72271
1601482428.0	66.35832	62.83018	72.03197
1601482427.0	65.10578	59.31594	71.44585
1601482426.0	66.06102	61.44724	73.50773
1601482425.0	65.70673	60.71803	69.11416
1601482424.0	68.45271	60.47246	69.90101
1601482423.0	70.34882	62.74098	67.81316
1601482422.0	70.72528	63.68269	68.67521
1601482421.0	72.39912	65.62527	66.7756
1601482420.0	74.62473	66.27924	65.72479
1601482419.0	72.10392	64.25745	67.23312
1601482418.0	69.76902	66.86932	65.83623
1601482417.0	70.70185	64.86495	65.69275
1601482416.0	69.04836	63.55519	68.71395
1601482415.0	68.12125	63.70565	68.77687
1601482414.0	66.26794	60.60778	71.39384
1601482413.0	65.74433	62.12385	70.56422
1601482412.0	65.5919	60.66923	73.13584
1601482411.0	66.59921	60.3772	73.08665
1601482410.0	65.83963	60.29466	73.72832
1601482409.0	66.30978	63.03379	74.5485
1601482408.0	66.24729	62.04211	70.14298
1601482407.0	69.34675	63.26314	69.8754
1601482406.0	70.25283	65.87189	68.91617
1601482405.0	71.63207	66.81284	69.62959
1601482404.0	71.29142	66.5953	68.02848
1601482403.0	74.29716	66.40656	68.03166
1601482402.0	74.20493	64.76413	65.40679
1601482401.0	72.80367	67.81915	65.38091
1601482400.0	71.62878	68.21438	66.48654
1601482399.0	70.86744	67.78555	66.51852
1601482398.0	69.91081	66.87606	67.98923
1601482397.0	69.04365	64.24587	69.16588
1601482396.0	67.60055	64.06348	71.55146
1601482395.0	67.86501	63.03873	71.71216
1601482394.0	65.9799	61.2384	71.43696
1601482393.0	65.38197	61.25892	75.08748
1601482392.0	64.83039	59.31053	77.76625
1601482391.0	66.13141	61.39646	73.39664
1601482390.0	66.86424	61.53731	72.83015
1601482389.0	66.44019	62.88664	71.88747
1601482388.0	69.58443	62.81557	70.37388
1601482387.0	69.54235	64.08344	69.92606
1601482386.0	72.21002	67.11045	68.61011
1601482385.0	71.26019	67.97989	68.27507
1601482384.0	71.88556	67.29889	69.58392
1601482383.0	73.32365	67.20348	67.18299
1601482382.0	75.83685	66.26997	67.77103
1601482381.0	79.44774	67.2052	66.5573
1601482380.0	79.50201	64.92648	65.48721
1601482379.0	79.61594	67.28526	63.84623
1601482378.0	77.24214	67.56187	66.82582
1601482377.0	72.8637	66.35928	66.31589
1601482376.0	71.8807	67.7174	68.18023
1601482375.0	70.49098	68.41898	70.49905
1601482374.0	69.37998	65.91975	71.51899
1601482373.0	67.85944	63.92067	71.94064
1601482372.0	69.07065	62.99046	71.47816
1601482371.0	65.23413	62.48697	73.76831
1601482370.0	65.77544	59.40285	73.66576
1601482369.0	65.3373	61.15303	74.88454
1601482368.0	65.07507	58.9199	76.26509
1601482367.0	66.70595	59.29567	79.31339
1601482366.0	63.37884	58.52939	76.42245
1601482365.0	65.85719	60.64398	73.39489
1601482364.0	66.73026	62.49154	73.50876
1601482363.0	67.91655	62.35973	70.81262
1601482362.0	68.14596	63.54458	69.66008
1601482361.0	69.64394	64.74589	70.92081
1601482360.0	69.69125	68.11113	68.30057
1601482359.0	71.1311	67.52189	66.62671
1601482358.0	73.28706	67.24776	67.66062
1601482357.0	73.76215	66.50803	65.53351
1601482356.0	76.84156	66.11887	66.92876
1601482355.0	78.16329	63.87487	64.0608
1601482354.0	80.01996	61.55753	63.58163
1601482353.0	79.57606	61.74752	64.62318
1601482352.0	77.60552	59.25921	62.7155
1601482351.0	75.77033	58.79844	63.39638
1601482350.0	76.60664	58.27982	61.83569
1601482349.0	73.76993	56.57671	63.22935
1601482348.0	74.11591	58.99039	62.82161
1601482347.0	74.31983	58.6488	60.87706
1601482346.0	77.04771	61.29354	63.76242
1601482345.0	79.1623	59.66956	61.72062
1601482344.0	78.82131	60.88235	63.36533
1601482343.0	78.96014	64.44798	65.21773
1601482342.0	77.3748	65.08521	63.40571
1601482341.0	76.49035	66.70056	65.47425
1601482340.0	73.5354	68.58303	65.28498
1601482339.0	71.45234	68.90885	66.72272
1601482338.0	71.87004	68.21998	68.14018
1601482337.0	69.21743	65.99368	69.37191
1601482336.0	68.23959	65.95216	70.11575
1601482335.0	68.51713	63.33617	70.96603
1601482334.0	66.20175	61.63595	70.45289
1601482333.0	66.52634	61.58787	73.76962
1601482332.0	65.92213	60.87516	74.90916
1601482331.0	66.80564	61.15072	77.42439
1601482330.0	66.94257	59.13012	78.52831
1601482329.0	65.01029	60.2072	75.6138
1601482328.0	65.54786	61.26255	74.79705
1601482327.0	63.48047	61.56553	69.7444
1601482326.0	67.06741	62.65122	69.87816
1601482325.0	67.02564	64.94514	70.15515
1601482324.0	68.14796	66.42164	69.42515
1601482323.0	68.97062	68.04922	69.35085
1601482322.0	71.9959	69.42765	68.07254
1601482321.0	72.6947	69.22916	66.17763
1601482320.0	74.46653	66.96989	65.46678
1601482319.0	76.7056	65.95564	64.58824
1601482318.0	77.70859	62.31666	64.62029
1601482317.0	77.62574	62.26948	63.0738
1601482316.0	79.44732	60.9995	64.74466
1601482315.0	78.10873	61.16868	64.08328
1601482314.0	76.84774	58.87469	64.22576
1601482313.0	75.22875	60.1945	61.55901
1601482312.0	72.45055	55.87574	61.99833
1601482311.0	71.87233	55.93507	59.50351
1601482310.0	74.57367	58.37307	61.64706
1601482309.0	70.93896	58.73267	61.43405
1601482308.0	73.69122	57.97485	60.73556
1601482307.0	75.43768	58.48119	63.49994
1601482306.0	78.44437	58.35803	62.18244
1601482305.0	80.03979	60.04031	63.83073
1601482304.0	80.60797	62.20966	63.88376
1601482303.0	79.78758	62.40338	64.34135
1601482302.0	79.96931	64.66123	64.1742
1601482301.0	76.43702	67.40255	63.85553
1601482300.0	76.15845	65.529	65.73685
1601482299.0	71.88296	63.63039	63.95908
1601482298.0	70.87709	63.9268	66.57965
1601482297.0	71.01467	63.45332	66.08021
1601482296.0	70.82551	64.61914	68.95828
1601482295.0	68.09965	59.57129	68.39085
1601482294.0	67.8342	60.86106	68.84032
1601482293.0	68.7369	61.89789	72.49338
1601482292.0	67.53073	58.09787	73.14963
1601482291.0	67.74162	62.01905	74.32406
1601482290.0	68.99389	61.80042	75.02051
1601482289.0	65.40708	59.23866	74.63972
1601482288.0	65.37167	58.93711	75.23902
1601482287.0	68.95598	60.86807	77.69271
1601482286.0	65.56786	59.89038	75.08607
1601482285.0	64.88784	60.35677	74.07865
1601482284.0	64.784	61.0323	72.93987
1601482283.0	63.63518	61.3975	69.51794
1601482282.0	67.06848	62.9752	72.03635
1601482281.0	68.30039	64.73447	70.87194
1601482280.0	70.13647	66.16695	70.51067
1601482279.0	68.84479	67.5425	66.76759
1601482278.0	69.42789	69.63419	66.03548
1601482277.0	72.38586	68.03973	67.0145
1601482276.0	74.57891	67.17002	65.449
1601482275.0	76.04482	64.17453	64.88756
1601482274.0	77.77337	63.52724	66.70094
1601482273.0	78.6625	61.70492	66.26981
1601482272.0	77.54619	60.71063	62.36805
1601482271.0	78.13789	61.68374	65.67825
1601482270.0	75.4446	63.37359	67.97898
1601482269.0	75.54399	60.9981	64.82271
1601482268.0	74.9688	61.20908	63.08834
1601482267.0	73.91982	57.69918	58.38428
1601482266.0	71.75371	58.82821	63.46029
1601482265.0	72.76581	58.4952	62.62273
1601482264.0	73.743	58.90915	64.8858
1601482263.0	77.82124	58.93012	63.25526
1601482262.0	78.63777	60.97192	63.6313
1601482261.0	80.34051	62.20558	62.79162
1601482260.0	81.32675	62.03883	64.05589
1601482259.0	80.70797	65.94432	62.81023
1601482258.0	77.56451	66.81595	65.13774
1601482257.0	78.70079	66.16111	66.01042
1601482256.0	75.77743	65.81957	67.25941
1601482255.0	72.04906	65.21898	66.99278
1601482254.0	72.77904	63.95665	67.94768
1601482253.0	71.70882	64.66425	67.75291
1601482252.0	71.22441	62.63481	68.95078
1601482251.0	69.13136	61.99774	68.68617
1601482250.0	71.10564	62.61044	70.86697
1601482249.0	70.6123	62.55744	72.99961
1601482248.0	70.16625	61.13883	72.15879
1601482247.0	67.29326	61.44881	73.72059
1601482246.0	69.37671	61.16731	74.54347
1601482245.0	67.57151	60.61145	74.77295
1601482244.0	67.93627	62.44056	76.73415
1601482243.0	67.39327	59.96986	77.75381
1601482242.0	64.99247	60.03304	75.79122
1601482241.0	63.7986	59.95577	74.60801
1601482240.0	66.63556	60.23768	74.94852
1601482239.0	66.79655	61.51968	71.73775
1601482238.0	67.93935	64.91567	71.27914
1601482237.0	69.36421	65.94127	71.08263
1601482236.0	68.31056	67.6414	69.43648
1601482235.0	70.71382	69.64776	69.30816
1601482234.0	72.26884	69.57292	68.05464
1601482233.0	72.45462	67.8209	66.77816
1601482232.0	75.39968	67.60989	66.12137
1601482231.0	77.53019	66.54309	65.38904
1601482230.0	78.0476	64.47372	68.03003
1601482229.0	79.26486	62.97613	65.25517
1601482228.0	77.51849	63.5639	64.56998
1601482227.0	76.12759	58.14653	64.39015
1601482226.0	74.71143	57.54174	63.04515
1601482225.0	74.08585	61.49684	63.63515
1601482224.0	72.92598	57.36712	63.35301
1601482223.0	70.6176	58.19032	61.57193
1601482222.0	72.23631	57.57371	62.04013
1601482221.0	74.7476	57.56798	63.13786
1601482220.0	77.88094	58.93364	63.74104
1601482219.0	80.23057	60.61416	61.901
1601482218.0	81.84548	61.66549	63.48425
1601482217.0	83.81998	63.15256	63.28843
1601482216.0	80.71396	65.793	64.47003
1601482215.0	78.7565	65.81528	64.26559
1601482214.0	77.35805	65.51518	65.27044
1601482213.0	75.54025	65.66193	67.14732
1601482212.0	75.51038	64.76176	67.62766
1601482211.0	72.41215	62.70853	68.21893
1601482210.0	72.10738	61.95126	68.97082
1601482209.0	69.60456	62.48072	69.76858
1601482208.0	68.27812	60.82727	71.07701
1601482207.0	67.91842	60.03062	70.58471
1601482206.0	68.83767	62.64803	72.81991
1601482205.0	69.94161	60.0485	71.40041
1601482204.0	68.35506	61.85344	74.33034
1601482203.0	68.08701	61.38121	72.93482
1601482202.0	67.54283	61.86529	75.55109
1601482201.0	70.44485	62.54179	79.40158
1601482200.0	66.45042	59.53158	77.59084
1601482199.0	68.349	59.71513	77.21664
1601482198.0	65.42409	59.36047	77.17138
1601482197.0	65.02813	60.71477	75.53047
1601482196.0	66.39202	61.13763	73.09695
1601482195.0	67.81832	61.5784	72.54472
1601482194.0	70.47785	63.09907	74.15934
1601482193.0	70.40296	66.26964	69.13068
1601482192.0	71.5986	67.71332	69.86967
1601482191.0	72.50953	70.43117	69.35805
1601482190.0	73.31047	70.99595	69.48864
1601482189.0	74.96331	69.03773	67.91759
1601482188.0	75.79999	67.44136	66.73841
1601482187.0	75.46055	66.65485	65.11795
1601482186.0	78.25607	65.1291	66.71307
1601482185.0	75.25515	63.18963	64.48057
1601482184.0	77.642	62.64896	64.35677
1601482183.0	77.17774	62.75536	63.92146
1601482182.0	76.21788	61.18389	62.09637
1601482181.0	73.61788	60.24998	63.1656
1601482180.0	74.05231	57.61747	63.2793
1601482179.0	71.81162	58.48802	60.34417
1601482178.0	72.40321	61.15764	65.2415
1601482177.0	72.24286	60.0691	63.41206
1601482176.0	72.47681	59.63409	64.40436
1601482175.0	74.50161	58.80163	61.97863
1601482174.0	74.91647	60.20558	62.89646
1601482173.0	77.81123	59.31091	61.70362
1601482172.0	80.7923	61.02798	63.56797
1601482171.0	82.04463	62.05051	63.72107
1601482170.0	83.19569	64.51793	64.22937
1601482169.0	79.53864	66.17678	63.88312
1601482168.0	79.52021	66.58801	65.92455
1601482167.0	75.69014	65.46082	66.98007
1601482166.0	73.54665	64.8698	67.17089
1601482165.0	75.24293	63.72374	69.26243
1601482164.0	72.87643	62.71176	66.82416
1601482163.0	70.86852	62.58263	69.29331
1601482162.0	69.92081	62.19894	69.69933
1601482161.0	69.34305	60.7024	71.13621
1601482160.0	68.51139	60.55624	70.86926
1601482159.0	68.51537	59.46429	74.01611
1601482158.0	70.51941	61.45	74.12142
1601482157.0	72.63876	60.98762	74.75645
1601482156.0	69.67891	62.19277	73.95252
1601482155.0	71.55828	61.03402	76.84493
1601482154.0	75.47729	63.05192	79.63738
1601482153.0	68.44816	65.11116	79.07102
1601482152.0	69.80768	59.17263	76.74513
1601482151.0	71.29756	58.84381	76.18475
1601482150.0	70.4511	60.65142	74.23961
1601482149.0	67.29781	61.5465	71.86252
1601482148.0	68.81553	64.3841	71.34355
1601482147.0	68.71896	65.81577	69.49992
1601482146.0	71.21125	67.74128	69.87558
1601482145.0	70.43513	70.26521	68.91764
1601482144.0	72.46466	72.21221	68.5527
1601482143.0	74.1332	70.34194	66.78279
1601482142.0	75.31151	67.11372	67.6235
1601482141.0	76.1307	65.62224	64.55463
1601482140.0	77.4267	65.35606	65.42099
1601482139.0	76.81504	63.07386	65.20103
1601482138.0	75.93469	63.83149	63.49287
1601482137.0	75.06336	59.19076	63.61028
1601482136.0	75.6492	61.53836	64.7152
1601482135.0	71.87434	60.15758	64.69127
1601482134.0	72.96344	60.79872	63.34862
1601482133.0	74.02283	60.24349	65.39272
1601482132.0	72.63854	60.05817	64.38396
1601482131.0	72.15179	59.49337	60.26196
1601482130.0	72.86763	60.94159	61.74061
1601482129.0	73.86835	58.11789	61.49158
1601482128.0	77.72988	61.5056	64.21125
1601482127.0	82.00047	61.84902	63.49542
1601482126.0	83.55056	62.07906	64.10545
1601482125.0	82.9733	62.24395	64.59093
1601482124.0	82.47221	62.66639	63.76822
1601482123.0	80.51519	65.35987	66.4511
1601482122.0	76.41882	65.59611	65.71307
1601482121.0	76.12431	62.38494	65.6132
1601482120.0	73.58511	62.32712	67.91698
1601482119.0	72.3023	62.31736	68.62036
1601482118.0	74.13566	62.64053	69.08937
1601482117.0	70.91296	60.67737	69.26012
1601482116.0	71.27486	61.68982	72.35786
1601482115.0	69.82135	59.27985	71.26023
1601482114.0	68.6774	60.72171	71.83664
1601482113.0	69.45251	60.51179	72.9192
1601482112.0	68.85367	59.17926	71.36274
1601482111.0	67.97768	60.04173	75.67895
1601482110.0	66.23193	59.9587	74.99815
1601482109.0	65.34447	60.40825	76.47739
1601482108.0	65.66811	60.66201	80.82074
1601482107.0	68.48656	59.63258	81.49356
1601482106.0	68.60873	59.78005	80.84908
1601482105.0	64.81805	57.43771	77.44402
1601482104.0	67.06049	58.20581	74.88984
1601482103.0	69.12566	60.33861	74.90402
1601482102.0	68.93076	61.33286	74.67826
1601482101.0	70.4999	62.73129	70.75897
1601482100.0	70.19157	64.06773	69.27486
1601482099.0	70.78362	67.01788	69.94408
1601482098.0	72.37405	70.47356	72.54147
1601482097.0	71.85091	72.48281	70.0918
1601482096.0	73.49355	73.1321	66.99175
1601482095.0	73.507	71.31278	66.80727
1601482094.0	76.20731	68.75246	66.79735
1601482093.0	75.64408	65.8998	65.4202
1601482092.0	76.56397	65.55493	66.68297
1601482091.0	76.03692	62.16354	65.81856
1601482090.0	76.98345	60.06142	65.44524
1601482089.0	74.55835	60.81223	64.16904
1601482088.0	73.51295	59.68125	65.82755
1601482087.0	74.40497	60.14472	65.18742
1601482086.0	73.8569	60.63332	63.5836
1601482085.0	73.22119	60.51601	66.55413
1601482084.0	73.33753	59.24778	66.18801
1601482083.0	72.78049	59.80074	66.10133
1601482082.0	71.60474	58.90499	63.77761
1601482081.0	72.9492	57.81701	61.4892
1601482080.0	73.96949	57.44376	63.71291
1601482079.0	76.60201	59.67023	62.24862
1601482078.0	79.97398	57.92951	62.17582
1601482077.0	81.86792	61.08795	63.09306
1601482076.0	83.34931	61.94096	63.95271
1601482075.0	81.86811	62.65732	64.88288
1601482074.0	80.13147	65.78354	64.72871
1601482073.0	78.92596	64.75551	63.84173
1601482072.0	74.21987	64.29425	66.28973
1601482071.0	73.13889	62.21758	68.07214
1601482070.0	73.30297	65.14032	69.23448
1601482069.0	71.35133	62.22865	67.43927
1601482068.0	72.13441	63.16592	67.60732
1601482067.0	68.26514	60.15397	68.03538
1601482066.0	71.6228	62.09415	71.62818
1601482065.0	67.05997	58.93533	71.42516
1601482064.0	69.60012	60.86202	70.43061
1601482063.0	69.20496	58.38271	70.62804
1601482062.0	70.42354	60.23013	73.68203
1601482061.0	70.12389	59.94553	73.17004
1601482060.0	69.7286	62.40575	73.40737
1601482059.0	68.86159	60.79757	74.22057
1601482058.0	66.88683	59.1456	76.85384
1601482057.0	68.43082	61.24769	80.73129
1601482056.0	67.74934	60.14228	80.94403
1601482055.0	66.69421	58.54893	77.40977
1601482054.0	66.26494	57.58369	77.31168
1601482053.0	64.19331	57.44522	75.77833
1601482052.0	64.59815	58.36114	75.65527
1601482051.0	66.75586	59.09225	73.30269
1601482050.0	66.05968	61.32445	71.97687
1601482049.0	68.01229	63.0992	71.67464
1601482048.0	69.98748	64.87128	69.13703
1601482047.0	68.32739	67.2937	70.3805
1601482046.0	69.40735	72.18146	68.50275
1601482045.0	72.20955	74.80414	67.15707
1601482044.0	71.16756	73.65724	69.98758
1601482043.0	74.33527	70.88314	67.28727
1601482042.0	74.6908	68.44717	67.16057
1601482041.0	75.45783	67.05771	67.47478
1601482040.0	76.18325	66.40057	67.73887
1601482039.0	78.14548	62.41655	68.01692
1601482038.0	76.38612	58.90907	65.46488
1601482037.0	75.13728	61.19323	64.94123
1601482036.0	73.8567	60.91756	65.99261
1601482035.0	74.47939	60.9737	66.20145
1601482034.0	74.43199	60.74451	63.42294
1601482033.0	72.33735	59.71631	65.93088
1601482032.0	72.08945	56.09221	62.54382
1601482031.0	71.95194	58.57165	63.64696
1601482030.0	71.40114	58.85414	63.02014
1601482029.0	72.66822	57.49085	62.00854
1601482028.0	74.22914	58.82304	62.77412
1601482027.0	76.61644	59.42974	63.15565
1601482026.0	81.28234	60.51515	61.90702
1601482025.0	84.0843	60.58042	63.11476
1601482024.0	85.86269	63.105	63.21072
1601482023.0	84.18599	63.48276	63.43797
1601482022.0	80.75344	64.89417	64.46865
1601482021.0	79.13123	63.67327	66.48013
1601482020.0	76.58337	64.45041	65.73183
1601482019.0	72.96933	61.99677	66.13129
1601482018.0	74.31005	62.07753	67.70382
1601482017.0	72.54847	61.60281	67.16939
1601482016.0	72.1782	61.71618	67.10312
1601482015.0	69.66526	61.98116	68.6911
1601482014.0	70.03681	60.49913	68.78161
1601482013.0	67.27021	59.13684	70.1557
1601482012.0	68.53364	59.38976	70.46463
1601482011.0	66.65822	57.32141	71.16741
1601482010.0	67.97396	59.19689	71.50195
1601482009.0	67.7607	59.92796	72.58064
1601482008.0	67.15631	60.54396	73.78689
1601482007.0	65.81496	58.81534	74.94393
1601482006.0	68.65482	60.96047	80.02383
1601482005.0	65.75405	59.12168	82.99925
1601482004.0	67.94631	60.01487	81.23484
1601482003.0	68.26886	58.37666	77.57856
1601482002.0	65.56363	58.85378	76.70963
1601482001.0	68.99241	57.81316	76.31542
1601482000.0	67.36008	57.86192	75.52064
1601481999.0	66.87319	58.97375	74.53291
1601481998.0	68.07813	61.28942	72.62241
1601481997.0	70.21474	63.76684	71.24222
1601481996.0	70.36238	64.3475	70.9538
1601481995.0	72.48247	65.13467	67.78284
1601481994.0	70.94556	69.204	69.99609
1601481993.0	71.15574	72.97075	66.76565
1601481992.0	73.18631	74.58881	68.07896
1601481991.0	72.69856	71.32584	65.60452
1601481990.0	75.10268	68.39831	65.69577
1601481989.0	75.79768	65.46269	65.38196
1601481988.0	75.39946	63.8296	64.74529
1601481987.0	76.2293	63.5444	65.32664
1601481986.0	74.90015	62.90888	65.75926
1601481985.0	74.51944	59.78814	64.54023
1601481984.0	74.21386	58.93649	64.23101
1601481983.0	71.9337	59.70926	65.01489
1601481982.0	71.0451	58.3811	63.85331
1601481981.0	71.57062	57.78666	63.00077
1601481980.0	68.4577	58.23561	64.25611
1601481979.0	69.82289	58.66562	62.15685
1601481978.0	71.45193	58.30525	64.3625
1601481977.0	71.4333	57.64058	62.20073
1601481976.0	73.077	57.87154	61.92591
1601481975.0	73.2337	57.57034	60.89824
1601481974.0	76.6964	57.73938	62.48312
1601481973.0	78.59351	60.06128	63.6289
1601481972.0	82.83054	59.82138	62.9361
1601481971.0	86.53996	60.34697	64.5449
1601481970.0	81.15721	61.74214	64.87702
1601481969.0	78.7288	63.69231	65.14228
1601481968.0	75.86861	63.26084	63.57132
1601481967.0	76.26627	64.83848	67.3291
1601481966.0	73.71567	63.28244	66.31608
1601481965.0	71.42883	60.79918	66.75996
1601481964.0	71.23552	61.1474	66.58613
1601481963.0	70.03282	61.78123	66.33786
1601481962.0	71.065	60.83521	66.96096
1601481961.0	67.04066	58.48247	67.52499
1601481960.0	67.79324	58.10252	69.01543
1601481959.0	69.24801	60.99586	72.25648
1601481958.0	66.64189	59.40739	70.82352
1601481957.0	67.65965	58.12738	70.31876
1601481956.0	68.20684	60.35051	73.0062
1601481955.0	65.85732	61.66644	73.8535
1601481954.0	65.60472	60.05732	76.25445
1601481953.0	66.34618	57.92182	79.89119
1601481952.0	66.15844	58.97944	82.80521
1601481951.0	65.80285	57.8299	81.21726
1601481950.0	65.93805	57.94136	77.30758
1601481949.0	65.75325	56.71407	76.0279
1601481948.0	62.58385	57.15204	73.70643
1601481947.0	65.4723	58.27573	74.62253
1601481946.0	63.27243	59.38676	72.7346
1601481945.0	65.31561	61.30696	72.53455
1601481944.0	68.01466	62.82367	72.1497
1601481943.0	68.854	64.9687	69.48669
1601481942.0	68.41493	65.7019	69.83002
1601481941.0	70.45587	68.39754	67.46896
1601481940.0	70.43059	72.61619	67.42255
1601481939.0	71.66847	74.53363	68.24889
1601481938.0	71.51967	70.47791	66.47537
1601481937.0	73.37315	67.89551	65.71928
1601481936.0	73.50857	66.73068	63.97005
1601481935.0	75.01065	65.41062	68.55705
1601481934.0	75.87725	61.87784	66.33974
1601481933.0	74.65703	60.76529	65.85101
1601481932.0	72.92153	59.28948	63.05567
1601481931.0	72.87149	57.94411	63.84251
1601481930.0	70.2247	58.2311	64.38511
1601481929.0	71.52245	58.04239	64.13009
1601481928.0	71.02213	55.35595	61.29172
1601481927.0	70.12846	58.75389	65.76673
1601481926.0	71.5757	60.73376	66.55939
1601481925.0	73.43308	59.72495	62.55082
1601481924.0	71.99889	59.55583	63.45353
1601481923.0	71.84985	56.45079	59.05474
1601481922.0	72.69755	55.37324	59.4106
1601481921.0	73.82457	58.52127	60.79553
1601481920.0	78.7254	57.76515	63.61975
1601481919.0	81.23669	58.40134	61.48207
1601481918.0	87.53436	61.76242	62.83569
1601481917.0	87.53416	60.86843	62.33197
1601481916.0	80.67496	62.74632	62.64143
1601481915.0	79.65582	63.94557	64.70908
1601481914.0	75.51089	63.41037	66.50082
1601481913.0	76.56968	64.28898	66.03265
1601481912.0	73.62422	62.9639	66.15923
1601481911.0	73.80225	63.51088	69.36936
1601481910.0	73.41531	62.16277	65.53475
1601481909.0	72.60599	60.50593	65.42993
1601481908.0	70.1963	59.85091	68.23315
1601481907.0	69.18985	60.10031	68.43323
1601481906.0	67.94128	58.37398	70.90613
1601481905.0	67.41961	60.44183	72.086
1601481904.0	66.74458	60.25787	70.77399
1601481903.0	67.64002	59.32121	71.4697
1601481902.0	68.10515	59.5947	72.58765
1601481901.0	69.60544	59.35637	72.53296
1601481900.0	69.21782	61.64235	76.00226
1601481899.0	69.35921	61.69703	77.31308
1601481898.0	66.55161	58.78645	80.40855
1601481897.0	67.34571	59.53728	83.71764
1601481896.0	67.38929	58.29068	80.07143
1601481895.0	66.68368	58.99611	78.16264
1601481894.0	65.11185	57.71994	76.61079
1601481893.0	66.31038	58.46118	76.32993
1601481892.0	65.02444	57.03593	74.53316
1601481891.0	64.99615	60.13144	73.83326
1601481890.0	66.53477	60.75905	74.9539
1601481889.0	66.37516	62.21235	73.50213
1601481888.0	67.29652	63.20949	73.89258
1601481887.0	67.3711	64.30061	70.22306
1601481886.0	69.44974	66.21795	69.22051
1601481885.0	69.62509	69.10902	69.15388
1601481884.0	70.04653	73.29969	68.41634
1601481883.0	71.65977	75.26096	66.83353
1601481882.0	73.9484	73.45318	68.37144
1601481881.0	73.85545	68.68415	64.51917
1601481880.0	74.79379	65.4847	66.52615
1601481879.0	76.37667	63.01718	66.11954
1601481878.0	76.18171	63.57006	66.67416
1601481877.0	74.13963	61.86704	65.78751
1601481876.0	73.42741	61.47028	64.62881
1601481875.0	72.89175	57.789	63.3745
1601481874.0	70.78979	55.75054	62.21634
1601481873.0	70.747	57.40381	62.61726
1601481872.0	71.47319	57.90206	64.55616
1601481871.0	72.30219	58.97735	66.31364
1601481870.0	69.60601	57.65119	63.89376
1601481869.0	72.0526	57.9039	64.08434
1601481868.0	71.277	59.20713	63.11054
1601481867.0	71.77173	57.09497	62.14911
1601481866.0	71.88493	59.1304	61.54692
1601481865.0	73.44537	63.32214	61.78951
1601481864.0	75.99965	58.1843	62.91824
1601481863.0	78.58164	59.97165	62.05956
1601481862.0	86.61392	61.76936	62.39433
1601481861.0	87.39397	62.75233	65.11198
1601481860.0	82.30857	63.59577	64.05836
1601481859.0	79.99586	63.6028	66.09075
1601481858.0	75.44343	62.52021	65.94109
1601481857.0	74.42264	62.26487	66.22405
1601481856.0	72.77786	61.24175	66.93262
1601481855.0	72.10273	61.79628	64.95127
1601481854.0	73.92086	63.91335	67.96126
1601481853.0	71.83205	62.05735	65.99239
1601481852.0	68.69282	59.31607	70.06348
1601481851.0	70.24136	62.27566	68.11116
1601481850.0	66.24237	63.18424	69.73828
1601481849.0	66.54765	61.16867	69.12671
1601481848.0	64.94166	59.47892	70.9314
1601481847.0	67.29357	60.8464	69.91092
1601481846.0	66.40752	57.42842	71.53709
1601481845.0	66.89942	62.3577	73.06695
1601481844.0	67.00777	60.26657	72.22169
1601481843.0	64.7216	60.39411	75.93314
1601481842.0	64.86521	59.00499	78.16273
1601481841.0	65.72521	59.5976	82.8438
1601481840.0	67.5537	61.13433	84.73794
1601481839.0	68.49405	58.94264	78.89021
1601481838.0	65.30362	57.46714	77.21174
1601481837.0	64.67461	56.66425	75.46581
1601481836.0	63.51653	57.0111	75.64967
1601481835.0	64.68496	57.10694	71.70988
1601481834.0	65.95924	58.74826	74.05606
1601481833.0	66.92871	60.55008	72.29259
1601481832.0	69.17261	61.9393	71.73002
1601481831.0	67.51308	63.99578	68.23941
1601481830.0	67.21113	64.71485	67.47654
1601481829.0	69.78625	68.30759	68.5414
1601481828.0	69.20398	72.85268	68.39512
1601481827.0	72.08658	76.71796	67.48911
1601481826.0	71.77137	71.75954	68.10783
1601481825.0	72.38741	68.82127	66.1513
1601481824.0	72.93743	66.74621	65.3109
1601481823.0	73.87436	63.76478	64.71426
1601481822.0	73.25839	63.62556	65.7025
1601481821.0	74.68629	60.90813	66.78465
1601481820.0	73.03283	59.78605	63.31796
1601481819.0	73.15185	57.8883	63.23866
1601481818.0	72.65509	56.97189	64.18313
1601481817.0	70.2265	56.65944	64.83813
1601481816.0	69.62109	56.3922	62.65691
1601481815.0	68.98505	56.40476	61.08359
1601481814.0	69.41994	54.80276	61.43158
1601481813.0	70.10366	55.92993	61.99925
1601481812.0	67.94729	57.1145	61.24978
1601481811.0	68.12778	56.56703	60.65474
1601481810.0	69.5034	57.90184	63.3216
1601481809.0	68.64281	56.42569	61.73874
1601481808.0	68.78633	54.42468	60.3755
1601481807.0	69.34497	55.92113	60.91168
1601481806.0	69.7478	56.1922	61.00438
1601481805.0	70.20439	55.03992	59.43094
1601481804.0	69.44376	57.43866	62.11092
1601481803.0	68.20924	56.08639	61.57521
1601481802.0	68.05902	56.5369	61.64242
1601481801.0	69.12356	56.5901	61.50588
1601481800.0	69.09982	55.71202	61.85918
1601481799.0	69.14077	55.09686	61.23517
1601481798.0	70.77969	54.58652	62.26394
1601481797.0	70.48619	59.3962	63.23767
1601481796.0	70.95186	59.59283	63.80889
1601481795.0	69.65372	55.84094	61.63824
1601481794.0	70.48687	55.5118	60.94051
1601481793.0	67.36266	56.39006	62.32761
1601481792.0	68.32993	58.49194	64.23843
1601481791.0	70.25438	59.70243	64.73511
1601481790.0	71.5852	57.72301	65.73042
1601481789.0	72.66479	58.82816	65.73948
1601481788.0	70.97087	57.12331	61.57989
1601481787.0	69.26946	57.11322	58.70135
1601481786.0	72.64153	57.27049	62.32489
1601481785.0	73.44235	59.52961	62.62592
1601481784.0	75.05971	57.9958	57.6012
1601481783.0	78.12038	58.61524	61.91732
1601481782.0	82.08657	59.25651	63.49404
1601481781.0	86.64936	60.2014	63.92065
1601481780.0	85.43932	63.419	64.2748
1601481779.0	79.91531	63.2115	65.58115
1601481778.0	76.11404	62.47029	63.72143
1601481777.0	74.99442	63.24306	67.26556
1601481776.0	73.33709	62.22639	66.57415
1601481775.0	73.13827	61.24059	65.12972
1601481774.0	72.0117	60.94399	66.24336
1601481773.0	72.05832	60.04587	65.34583
1601481772.0	73.3671	61.23232	68.10223
1601481771.0	74.12083	61.76605	64.3791
1601481770.0	78.56519	61.77524	65.54038
1601481769.0	81.24623	61.90361	64.86993
1601481768.0	85.43993	61.57323	64.45469
1601481767.0	90.78968	62.17	65.07642
1601481766.0	88.07606	61.86747	61.47966
1601481765.0	83.41679	59.88356	62.1403
1601481764.0	88.56448	60.29389	64.63262
1601481763.0	89.10104	63.14212	66.31387
1601481762.0	89.41167	61.31282	62.95713
1601481761.0	89.38785	61.83609	62.44131
1601481760.0	83.50903	62.21222	62.77256
1601481759.0	79.18256	61.62906	62.62229
1601481758.0	77.46168	62.63106	64.22079
1601481757.0	75.98901	62.45246	65.93166
1601481756.0	74.3055	61.47355	66.85344
1601481755.0	72.19325	60.55005	66.62607
1601481754.0	71.24008	60.85678	67.664
1601481753.0	73.00124	60.80603	63.8928
1601481752.0	72.38879	61.0832	66.21905
1601481751.0	75.56165	61.28116	63.1936
1601481750.0	80.99208	60.64138	63.13073
1601481749.0	83.69485	60.65463	61.99544
1601481748.0	87.44225	60.8984	61.72342
1601481747.0	89.31528	61.17213	63.52762
1601481746.0	85.32346	59.68699	62.39465
1601481745.0	80.38421	60.41288	63.23174
1601481744.0	83.49612	59.46675	63.85707
1601481743.0	86.39962	59.89034	61.59857
1601481742.0	81.81541	59.9174	64.0789
1601481741.0	86.02021	58.85555	62.94984
1601481740.0	83.53653	60.04472	62.402
1601481739.0	79.76728	60.84571	61.14438
1601481738.0	76.54153	61.11822	64.53581
1601481737.0	77.10377	62.34738	63.29714
1601481736.0	73.55852	60.82182	63.89262
1601481735.0	72.68062	60.36683	64.10489
1601481734.0	74.00462	60.58109	64.98235
1601481733.0	75.38782	60.66463	63.36056
1601481732.0	80.31114	60.1916	61.68464
1601481731.0	81.99712	59.74975	63.19357
1601481730.0	84.5955	58.03191	61.91102
1601481729.0	84.29736	58.68104	62.95853
1601481728.0	82.91007	58.69573	61.24107
1601481727.0	79.54604	59.72155	60.02037
1601481726.0	76.35954	60.11103	63.27617
1601481725.0	72.85796	60.96413	63.3656
1601481724.0	75.29939	60.98404	65.45698
1601481723.0	73.56923	61.22443	63.5679
1601481722.0	75.76186	59.57357	62.22272
1601481721.0	77.57636	58.62021	61.77852
1601481720.0	80.41086	59.41458	62.29287
1601481719.0	83.55898	59.5322	61.16632
1601481718.0	81.83206	58.34868	62.13234
1601481717.0	81.58768	58.76114	61.69993
1601481716.0	81.492	61.05207	64.52958
1601481715.0	77.40539	60.17677	61.12752
1601481714.0	78.26466	60.59706	63.03734
1601481713.0	72.9163	59.41114	64.06951
1601481712.0	71.8588	60.72522	64.56747
1601481711.0	72.69209	60.81663	65.87083
1601481710.0	69.79192	59.47966	66.7373
1601481709.0	68.19957	57.78384	65.99108
1601481708.0	68.074	57.05427	67.22659
1601481707.0	66.14279	58.53712	70.60658
1601481706.0	66.2468	56.95435	70.32903
1601481705.0	65.25172	57.35845	70.7616
1601481704.0	67.63902	57.47811	70.18217
1601481703.0	66.28102	56.54435	69.90952
1601481702.0	66.3946	57.873	70.61995
1601481701.0	65.65151	58.66755	72.51515
1601481700.0	64.56519	59.96388	74.73169
1601481699.0	62.93283	56.89317	78.14952
1601481698.0	66.5244	60.12748	81.53619
1601481697.0	65.24696	57.21714	83.63516
1601481696.0	65.23597	58.2196	84.86578
1601481695.0	64.329	58.78573	83.82018
1601481694.0	65.385	58.08525	79.04449
1601481693.0	66.47642	58.08337	78.03846
1601481692.0	64.04146	57.19444	75.55897
1601481691.0	64.01053	57.57734	74.49297
1601481690.0	64.66173	57.22414	74.06342
1601481689.0	63.89152	58.59425	72.48493
1601481688.0	65.61673	59.94212	70.64893
1601481687.0	66.9533	61.74298	69.08532
1601481686.0	68.12502	63.79076	69.13445
1601481685.0	68.55436	65.71204	69.12762
1601481684.0	67.92632	67.2338	66.21768
1601481683.0	68.39963	70.92625	69.15648
1601481682.0	71.29462	75.10888	68.19719
1601481681.0	70.18829	74.4834	67.73751
1601481680.0	70.50466	76.0342	68.47678
1601481679.0	70.71037	76.05491	67.94154
1601481678.0	71.8466	69.50716	67.0266
1601481677.0	70.33976	67.72948	67.0554
1601481676.0	74.45009	64.79808	65.52553
1601481675.0	73.52734	62.0942	64.27374
1601481674.0	73.28321	61.23798	63.79583
1601481673.0	74.50773	61.39368	65.15102
1601481672.0	72.59364	58.84328	64.44978
1601481671.0	72.22559	58.43771	62.59724
1601481670.0	71.40195	56.27582	60.33436
1601481669.0	69.8357	58.06508	62.85851
1601481668.0	70.97112	57.64632	62.66871
1601481667.0	69.20457	57.50295	61.43606
1601481666.0	67.11369	54.26814	59.91335
1601481665.0	67.33416	56.26113	62.02538
1601481664.0	68.86073	55.93755	60.94563
1601481663.0	68.42244	55.84562	61.41085
1601481662.0	69.91354	54.93674	62.60419
1601481661.0	72.01053	56.84202	63.54473
1601481660.0	71.72395	59.08691	65.09174
1601481659.0	72.35962	57.71516	64.56948
1601481658.0	72.59536	60.23833	65.82968
1601481657.0	70.20116	57.23596	60.75588
1601481656.0	71.6208	60.76567	63.30664
1601481655.0	70.84045	57.76098	62.21755
1601481654.0	68.90809	56.4145	60.94161
1601481653.0	68.08331	57.03065	62.53699
1601481652.0	66.57536	57.24732	63.89358
1601481651.0	68.13628	58.13857	65.7269
1601481650.0	69.03417	58.6721	65.9765
1601481649.0	68.13809	58.04685	64.63612
1601481648.0	68.07011	55.38	63.05264
1601481647.0	68.51702	57.6412	62.43699
1601481646.0	71.00321	57.51747	65.17779
1601481645.0	68.51657	56.90238	65.08745
1601481644.0	66.24241	55.5765	62.97107
1601481643.0	67.91375	56.65025	66.9351
1601481642.0	67.17033	56.96643	64.55821
1601481641.0	66.92969	57.08078	66.71259
1601481640.0	65.85521	55.76349	63.90301
1601481639.0	67.20698	56.14691	64.66572
1601481638.0	64.85202	55.41208	63.83752
1601481637.0	67.87054	55.6864	65.62643
1601481636.0	68.18201	54.97022	66.30683
1601481635.0	67.80914	56.88753	67.72147
1601481634.0	67.72493	55.03556	65.19611
1601481633.0	65.7197	56.5428	62.64369
1601481632.0	69.74345	57.48789	64.82973
1601481631.0	70.86267	56.061	66.15216
1601481630.0	67.1731	57.03213	65.25613
1601481629.0	67.04249	55.93472	64.65557
1601481628.0	68.80197	57.83072	67.28698
1601481627.0	70.89187	57.44617	65.31015
1601481626.0	67.28996	56.45966	65.85719
1601481625.0	66.1639	57.03584	64.69035
1601481624.0	68.2555	54.92012	62.80717
1601481623.0	67.79662	57.00106	64.9617
1601481622.0	68.71709	57.83529	65.36523
1601481621.0	69.09386	57.21807	65.30628
1601481620.0	68.14771	57.67783	71.27509
1601481619.0	66.63777	57.34636	66.05239
1601481618.0	67.24438	57.51854	68.55626
1601481617.0	70.59824	58.7612	64.48701
1601481616.0	71.31631	58.8496	63.17373
1601481615.0	69.84634	58.61845	65.36983
1601481614.0	70.43822	58.37075	63.71308
1601481613.0	70.7944	60.06321	65.92025
1601481612.0	69.69891	56.59024	65.8212
1601481611.0	67.87255	57.48344	65.11893
1601481610.0	69.05557	55.69564	64.31619
1601481609.0	69.60765	56.53721	63.81041
1601481608.0	70.97472	58.90188	64.25597
1601481607.0	69.3453	55.82505	62.37287
1601481606.0	70.58556	57.9025	63.71312
1601481605.0	69.00417	60.32748	66.22961
1601481604.0	69.30671	59.50271	69.25248
1601481603.0	70.99459	58.39244	67.66438
1601481602.0	69.64172	56.05647	64.30291
1601481601.0	68.8653	58.06753	62.91374
1601481600.0	70.06096	57.58904	66.29175
1601481599.0	69.4914	55.81582	61.21102
1601481598.0	70.10811	56.36261	60.30642
1601481597.0	69.22784	56.45245	58.52467
1601481596.0	71.29862	56.46287	59.50772
1601481595.0	70.26565	58.49897	63.82524
1601481594.0	70.78556	57.15689	60.72175
1601481593.0	67.64577	57.45948	60.3339
1601481592.0	70.07628	59.40143	63.24558
1601481591.0	68.85702	59.93416	63.45025
1601481590.0	71.12219	57.63926	60.2467
1601481589.0	69.53866	59.32121	60.11296
1601481588.0	66.86559	58.54148	59.70042
1601481587.0	67.15869	59.42953	62.22758
1601481586.0	70.14977	57.28178	62.14384
1601481585.0	68.56541	56.56467	61.83981
1601481584.0	67.54642	56.94724	62.99739
1601481583.0	67.56908	57.63919	63.45434
1601481582.0	68.94263	54.60764	62.89101
1601481581.0	67.62361	55.6918	58.78585
1601481580.0	68.73568	56.16255	62.0997
1601481579.0	69.28914	56.94041	61.69321
1601481578.0	68.74538	57.32138	60.28699
1601481577.0	66.78265	56.12931	60.90099
1601481576.0	67.13107	55.83715	61.6815
1601481575.0	66.61295	57.48755	60.73239
1601481574.0	67.7826	54.63146	58.45507
1601481573.0	67.28078	57.80408	58.99875
1601481572.0	68.53744	57.11274	59.0456
1601481571.0	68.38902	57.52818	60.35987
1601481570.0	69.51067	56.70756	58.70475
1601481569.0	68.65393	58.69618	63.02249
1601481568.0	68.31927	59.68648	61.89995
1601481567.0	66.33122	60.06594	59.95515
1601481566.0	68.22372	58.50597	63.34884
1601481565.0	70.7916	58.70716	61.38389
1601481564.0	68.73739	59.4605	60.49315
1601481563.0	67.95593	59.38367	60.05492
1601481562.0	69.13155	58.72496	61.38364
1601481561.0	68.05567	56.82452	57.99694
1601481560.0	68.45437	55.90719	59.83454
1601481559.0	66.91763	55.61909	60.77528
1601481558.0	67.06928	56.03028	57.66159
1601481557.0	67.86228	55.86964	63.29673
1601481556.0	66.90839	56.18423	58.95426
1601481555.0	66.03504	55.64045	60.63051
1601481554.0	69.68376	57.63289	60.86235
1601481553.0	68.10289	56.84888	61.60536
1601481552.0	68.32082	57.74262	61.54993
1601481551.0	67.9818	59.25366	60.4818
1601481550.0	68.50932	58.52613	58.50897
1601481549.0	69.37645	59.38867	59.60197
1601481548.0	67.41203	57.16077	60.09177
1601481547.0	66.80865	56.15604	60.45124
1601481546.0	66.47787	56.12937	58.03106
1601481545.0	66.71524	55.1254	61.16325
1601481544.0	68.01359	56.23429	59.61302
1601481543.0	67.34324	56.68447	58.75783
1601481542.0	67.31686	56.49789	61.61508
1601481541.0	67.83418	58.08759	60.44801
1601481540.0	67.61775	57.57924	61.08044
1601481539.0	67.2964	59.9935	59.10613
1601481538.0	66.19946	59.1496	59.25694
1601481537.0	67.46323	60.00608	59.77984
1601481536.0	69.01587	60.80516	62.76984
1601481535.0	68.59628	58.74076	61.52409
1601481534.0	67.20651	60.58779	60.99983
1601481533.0	68.13388	62.08356	60.59317
1601481532.0	68.67594	62.56356	61.18023
1601481531.0	67.21133	64.59445	60.97439
1601481530.0	64.9626	66.89307	63.03046
1601481529.0	66.01565	68.98165	61.44819
1601481528.0	67.13445	71.83363	62.33852
1601481527.0	67.00014	68.67656	62.14389
1601481526.0	67.76202	70.01901	61.57185
1601481525.0	69.32043	73.93721	65.53593
1601481524.0	67.54042	74.72265	62.9881
1601481523.0	68.10177	75.69725	63.83014
1601481522.0	67.88273	75.41374	65.3718
1601481521.0	66.91104	74.09002	65.13174
1601481520.0	66.1893	70.79195	64.60436
1601481519.0	66.45499	66.87496	64.61049
1601481518.0	65.12554	64.08953	63.22381
1601481517.0	65.31691	63.65531	65.24398
1601481516.0	67.30298	65.75301	64.98445
1601481515.0	66.27977	67.06134	64.9679
1601481514.0	69.00566	69.60883	65.13886
1601481513.0	66.33779	68.897	65.12457
1601481512.0	67.35928	71.35863	67.0723
1601481511.0	68.9845	74.40416	64.5558
1601481510.0	68.98646	76.40446	65.27755
1601481509.0	67.83304	73.45451	64.53848
1601481508.0	66.77728	73.462	64.99273
1601481507.0	66.73653	71.47306	66.0356
1601481506.0	65.68723	67.85161	64.99974
1601481505.0	64.43324	66.09092	65.20639
1601481504.0	64.54393	63.98417	64.72356
1601481503.0	65.39509	64.48351	66.55517
1601481502.0	65.12742	64.86872	66.83743
1601481501.0	65.22225	66.02114	63.71339
1601481500.0	66.20936	65.68431	64.22799
1601481499.0	65.7412	66.33737	62.93922
1601481498.0	65.99733	68.50558	64.05051
1601481497.0	65.22505	70.747	63.00608
1601481496.0	66.56499	71.8952	63.35989
1601481495.0	65.99123	70.90984	61.96502
1601481494.0	66.53101	67.83073	60.17707
1601481493.0	68.62355	65.60445	61.68283
1601481492.0	68.60709	63.38322	62.52145
1601481491.0	69.48681	62.89428	62.50266
1601481490.0	69.1657	62.04983	62.55597
1601481489.0	68.19689	61.19537	63.07016
1601481488.0	67.92978	59.53094	60.05235
1601481487.0	68.89946	58.82001	62.10517
1601481486.0	69.97929	59.29833	64.11401
1601481485.0	68.62175	57.98433	60.8848
1601481484.0	67.50743	56.25172	59.40328
1601481483.0	66.66959	56.27785	60.16501
1601481482.0	66.17802	56.09112	59.88038
1601481481.0	65.58827	55.67278	61.98681
1601481480.0	67.65293	53.08016	56.07145
1601481479.0	66.31317	56.15425	60.70114
1601481478.0	66.48375	55.59291	58.0354
1601481477.0	67.03999	57.72729	60.57315
1601481476.0	64.98856	56.11311	60.5833
1601481475.0	65.12482	54.41781	59.62951
1601481474.0	65.35651	54.58867	59.89721
1601481473.0	62.58217	55.45825	58.2466
1601481472.0	60.94909	55.32374	58.06462
1601481471.0	59.67893	53.13804	60.17789
1601481470.0	64.37667	53.0251	59.20042
1601481469.0	64.08607	53.52079	60.49201
1601481468.0	64.68064	53.47573	59.43433
1601481467.0	67.33258	55.99422	61.85384
1601481466.0	65.62473	56.71263	61.13068
1601481465.0	66.67669	54.58035	59.03442
1601481464.0	64.94218	56.1137	58.40292
1601481463.0	60.09581	55.61845	55.88995
1601481462.0	58.02783	55.22536	58.26303
1601481461.0	60.694	52.8126	54.2466
1601481460.0	57.99751	52.95567	59.43592
1601481459.0	59.89802	54.88024	60.23482
1601481458.0	60.31812	53.575	57.03692
1601481457.0	60.44408	53.68845	55.21479
1601481456.0	59.39228	53.4781	59.35298
1601481455.0	60.85185	52.26845	58.5184
1601481454.0	58.65801	53.91928	55.83537
1601481453.0	59.50606	54.28038	56.24719
1601481452.0	58.02171	53.94554	54.35338
1601481451.0	57.51535	53.00964	59.08851
1601481450.0	59.24361	53.93179	57.21715
1601481449.0	58.59561	53.29044	57.67503
1601481448.0	59.57411	53.15891	58.31495
1601481447.0	62.77234	54.2188	58.37608
1601481446.0	65.47031	55.30552	60.57217
1601481445.0	65.1005	55.31411	58.34978
1601481444.0	65.18089	55.14488	58.31909
1601481443.0	65.13428	54.14505	59.59674
1601481442.0	63.48349	54.98318	58.2623
1601481441.0	59.35432	52.87076	55.77887
1601481440.0	60.69233	54.1743	58.12982
1601481439.0	60.12136	53.44765	56.72194
1601481438.0	61.31736	53.71424	59.27622
1601481437.0	58.52187	51.19333	53.0004
1601481436.0	58.65321	54.55725	56.5667
1601481435.0	60.38594	51.95475	56.31089
1601481434.0	56.68523	54.3438	55.95675
1601481433.0	56.75872	53.39186	55.38588
1601481432.0	58.57318	53.37829	58.01328
1601481431.0	58.87594	53.72548	57.57538
1601481430.0	58.25268	51.85672	56.58792
1601481429.0	60.70186	53.437	57.00729
1601481428.0	58.0422	53.97558	58.40575
1601481427.0	57.27176	52.76779	55.70684
1601481426.0	59.56365	50.05001	55.28853
1601481425.0	60.1283	54.07961	60.19826
1601481424.0	58.39469	53.9706	58.16152
1601481423.0	57.61646	53.06399	59.50769
1601481422.0	57.21539	51.43854	60.24415
1601481421.0	57.99512	51.60939	58.97559
1601481420.0	60.65094	54.46364	60.13721
1601481419.0	62.08036	53.32899	58.29192
1601481418.0	65.66798	54.08606	59.30219
1601481417.0	64.73199	54.64385	57.62564
1601481416.0	65.27972	54.60434	59.93448
1601481415.0	64.39196	55.46076	61.78981
1601481414.0	64.71156	53.69984	56.59856
1601481413.0	62.04774	55.47651	60.44643
1601481412.0	60.44532	52.81525	58.99294
1601481411.0	60.23008	53.47001	58.62851
1601481410.0	59.11385	54.17373	59.27274
1601481409.0	61.81223	52.64729	59.29855
1601481408.0	62.10297	55.36047	61.75217
1601481407.0	64.34818	55.3506	61.97615
1601481406.0	62.68736	54.96183	61.18658
1601481405.0	64.85379	55.17802	61.51488
1601481404.0	66.66902	57.01133	60.28585
1601481403.0	69.21912	56.43846	60.36919
1601481402.0	67.38189	56.97531	60.35465
1601481401.0	67.04227	56.32589	61.46152
1601481400.0	70.07146	57.52536	63.05394
1601481399.0	65.07185	48.05215	62.43567
1601481398.0	58.45959	52.20967	58.96201
1601481397.0	57.47639	48.02584	57.04259
1601481396.0	56.24697	45.14396	48.79651
1601481395.0	51.81042	48.48694	46.73145
1601481394.0	54.96529	46.70679	52.08017
1601481393.0	51.04047	46.89862	49.85883
1601481392.0	52.02347	46.37507	50.17709
1601481391.0	51.33162	46.89656	54.6889
1601481390.0	52.49701	45.06633	47.67432
1601481389.0	61.11305	52.35118	55.49235
1601481388.0	55.5826	44.9839	49.11962
1601481387.0	54.46008	44.52374	49.01399
1601481386.0	54.91712	49.92096	50.37882
1601481385.0	55.27574	46.29645	49.88319
1601481384.0	52.30686	46.8103	54.92731
1601481383.0	52.19588	43.27544	47.1155
1601481382.0	51.43762	47.65841	49.03731
1601481381.0	52.29756	46.56888	50.98004
1601481380.0	47.93485	47.19887	47.38121
1601481379.0	48.2562	46.30928	48.05651
1601481378.0	49.28389	46.80751	47.89854
1601481377.0	49.9046	45.65551	48.46721
1601481376.0	48.82257	46.61097	47.29769
1601481375.0	54.83229	44.62458	47.01109
1601481374.0	51.25977	43.86813	50.48298
1601481373.0	54.49947	43.45826	49.14284
1601481372.0	52.16297	49.65566	54.72837
1601481371.0	51.11745	44.93184	46.41727
1601481370.0	52.77167	44.54747	52.77629
1601481369.0	55.11144	45.82687	52.72166
1601481368.0	52.80022	47.55079	60.94662
1601481367.0	49.39188	49.58942	49.89577
1601481366.0	52.64463	47.81089	49.91597
1601481365.0	56.15457	48.71733	53.87179
1601481364.0	53.33989	43.76158	51.93777
1601481363.0	52.4939	46.97543	51.78857
1601481362.0	53.88222	47.20316	55.70086
1601481361.0	56.41299	45.41457	48.16
1601481360.0	52.60381	46.66262	49.8794
1601481359.0	54.11026	48.47024	51.68341
1601481358.0	58.08685	46.39058	52.67916
1601481357.0	55.7372	46.14821	54.23532
1601481356.0	54.97067	46.75982	53.78328
1601481355.0	53.83826	49.93754	50.26299
1601481354.0	55.54935	48.27619	55.8927
1601481353.0	54.87011	48.86652	57.84713
1601481352.0	54.03624	47.52763	57.62398
1601481351.0	58.50304	45.04242	54.33533
1601481350.0	57.73212	49.90318	58.6542
1601481349.0	58.08434	49.6847	55.63237
1601481348.0	58.70229	45.69748	57.62311
1601481347.0	59.03598	48.47312	63.00724
1601481346.0	55.51082	49.68994	58.06757
1601481345.0	56.82422	47.58751	58.06849
1601481344.0	58.24064	49.50514	58.07889
1601481343.0	57.46003	49.27755	54.37103
1601481342.0	55.39713	49.80367	58.46534
1601481341.0	56.09896	54.21946	64.33151
1601481340.0	56.23697	48.81668	57.3955
1601481339.0	64.3395	51.5585	57.75955
1601481338.0	59.39294	52.85892	59.2599
1601481337.0	65.91471	57.05146	59.20027
1601481336.0	62.04365	48.09751	59.09891
1601481335.0	55.15126	47.88613	56.11489
1601481334.0	56.0495	54.84195	53.56477
1601481333.0	58.44181	52.00657	53.98281
1601481332.0	60.10754	48.5449	57.60543
1601481331.0	59.02177	50.26973	54.13916
1601481330.0	59.04789	51.20453	55.8868
1601481329.0	58.14758	51.49641	50.97602
1601481328.0	51.12426	42.82794	51.02035
1601481327.0	54.67694	46.19464	50.68147
1601481326.0	53.58239	44.30152	47.9125
1601481325.0	50.4479	45.09413	46.74944
1601481324.0	49.3428	45.70154	46.08617
1601481323.0	53.41516	46.03075	56.96175
1601481322.0	51.80774	47.5588	48.58209
1601481321.0	51.06947	48.70708	48.26719
1601481320.0	51.58216	44.30279	47.80089
1601481319.0	49.34053	44.4125	44.61712
1601481318.0	51.33669	42.56747	49.7973
1601481317.0	51.46176	48.98483	48.23372
1601481316.0	54.87503	44.81849	50.5359
1601481315.0	53.8729	44.52671	49.62272
1601481314.0	53.81024	46.63138	48.88977
1601481313.0	54.87882	45.40682	51.27546
1601481312.0	51.08115	45.14687	52.10493
1601481311.0	49.73195	42.2654	48.65608
1601481310.0	50.3246	49.87269	49.01085
1601481309.0	54.6834	45.66718	49.47898
1601481308.0	56.89925	44.2055	51.84122
1601481307.0	53.38903	47.61197	50.68486
1601481306.0	55.59097	49.4762	50.5163
1601481305.0	52.23583	47.72437	47.79382
1601481304.0	53.36129	46.17299	50.81934
1601481303.0	47.16291	51.18907	49.39484
1601481302.0	52.57365	47.56148	50.26277
1601481301.0	55.14634	45.5631	52.79766
1601481300.0	50.95364	47.21605	51.86577
1601481299.0	51.93829	44.73572	50.52543
1601481298.0	53.42555	47.40603	52.60728
1601481297.0	50.13821	49.22622	53.4679
1601481296.0	51.73153	49.81236	51.49005
1601481295.0	50.12406	48.09446	48.39584
1601481294.0	48.67381	46.53136	46.52235
1601481293.0	53.35176	46.90163	50.4287
1601481292.0	51.99662	47.15876	49.2704
1601481291.0	57.4617	47.61868	50.08406
1601481290.0	52.45957	44.96501	50.62644
1601481289.0	52.43461	47.52557	49.31974
1601481288.0	52.77353	47.56867	55.10475
1601481287.0	52.90884	46.73595	51.35916
1601481286.0	50.27046	49.23634	50.06112
1601481285.0	52.72514	49.41425	50.48931
1601481284.0	51.64542	45.63855	54.86393
1601481283.0	52.70507	45.53249	49.08686
1601481282.0	50.4002	46.05374	50.27176
1601481281.0	52.17146	48.00582	53.5638
1601481280.0	51.57531	45.99532	52.53043
1601481279.0	50.6195	46.34031	48.34222
1601481278.0	52.82811	48.60929	52.86136
1601481277.0	53.68676	48.48613	53.85857
1601481276.0	54.63139	47.22594	55.85634
1601481275.0	52.60557	45.4575	50.85971
1601481274.0	53.2809	48.005	49.47897
1601481273.0	49.10413	43.96752	51.67531
1601481272.0	53.19984	51.36279	54.45811
1601481271.0	54.22123	44.08456	56.64015
1601481270.0	53.70556	46.81567	48.06126
1601481269.0	49.66998	47.62585	51.17551
1601481268.0	54.1716	46.6898	53.68214
1601481267.0	54.19029	48.63899	50.06114
1601481266.0	53.92601	46.70221	49.82629
1601481265.0	51.2685	45.62043	53.40503
1601481264.0	54.47918	45.95145	53.34708
1601481263.0	53.83039	48.75353	53.27473
1601481262.0	55.23011	51.91863	51.25005
1601481261.0	53.39651	47.53229	48.12053
1601481260.0	52.10225	46.1077	49.55907
1601481259.0	53.59435	46.68881	47.10833
1601481258.0	50.45626	46.40825	50.77855
1601481257.0	50.12695	45.60984	47.9952
1601481256.0	50.80425	45.66801	51.88156
1601481255.0	49.06915	45.04547	48.79703
1601481254.0	48.82142	46.87779	49.09275
1601481253.0	50.04829	46.94371	51.33492
1601481252.0	49.7154	46.26403	50.57415
1601481251.0	57.86227	48.26361	51.22092
1601481250.0	46.96373	47.77044	51.41971
1601481249.0	52.7192	47.85624	48.57282
1601481248.0	50.36131	45.92874	51.02745
1601481247.0	53.08484	48.78671	53.09504
1601481246.0	54.03666	43.24379	51.0477
1601481245.0	50.79636	46.69834	44.56435
1601481244.0	53.11242	44.4055	50.39825
1601481243.0	48.29831	48.7397	52.09092
1601481242.0	50.83789	43.628	49.53706
1601481241.0	50.47109	46.54784	47.69847
1601481240.0	54.00264	45.97153	47.4151
1601481239.0	51.0058	44.67739	49.27555
1601481238.0	52.02512	44.15687	53.02692
1601481237.0	51.48878	41.68842	46.5765
1601481236.0	49.14838	48.7764	49.85284
1601481235.0	52.26394	48.741	49.69944
1601481234.0	52.93113	45.79777	47.12828
1601481233.0	51.29341	46.59105	48.76225
1601481232.0	48.65688	42.0625	50.50879
1601481231.0	50.69228	47.05779	48.63969
1601481230.0	48.58913	43.73977	49.76299
1601481229.0	49.88525	45.27066	53.15882
1601481228.0	46.68004	45.5397	50.26607
1601481227.0	52.31842	45.93585	48.7184
1601481226.0	51.40088	45.05597	45.96404
1601481225.0	49.41796	48.44985	45.86662
1601481224.0	48.13763	42.48216	46.98382
1601481223.0	49.76254	47.65235	56.53523
1601481222.0	46.34771	46.03299	48.97461
1601481221.0	48.27062	45.78508	51.43991
1601481220.0	49.92102	44.0158	48.25504
1601481219.0	49.28008	47.39992	47.92323
1601481218.0	50.1071	48.90841	45.73064
1601481217.0	53.92925	46.67525	55.89541
1601481216.0	52.46806	48.25284	49.73884
1601481215.0	48.43931	44.76017	45.28046
1601481214.0	50.84515	48.4505	52.0468
1601481213.0	48.33318	43.22575	47.69815
1601481212.0	49.46731	42.70042	50.86132
1601481211.0	50.26324	42.50228	50.01716
1601481210.0	54.03162	48.32459	45.53176
1601481209.0	47.98911	47.61478	47.71992
1601481208.0	46.40157	46.07845	49.76297
1601481207.0	48.59881	45.76908	50.59575
1601481206.0	54.22085	45.27559	49.21646
1601481205.0	50.84155	48.45212	52.17974
1601481204.0	47.95034	43.5345	46.75152
1601481203.0	49.89837	42.90149	48.98933
1601481202.0	48.64403	46.35779	50.14787
1601481201.0	49.53652	47.15458	55.80568
1601481200.0	48.87474	45.87965	50.82719
1601481199.0	48.29981	41.12635	49.16594
1601481198.0	50.40001	43.98692	46.78801
1601481197.0	50.32628	40.98941	49.09718
1601481196.0	48.49575	43.84754	46.41346
1601481195.0	49.90467	43.95678	51.07587
1601481194.0	48.97599	44.23743	43.35138
1601481193.0	48.76677	48.08945	49.47721
1601481192.0	49.31932	44.48712	49.39974
1601481191.0	48.36805	40.67038	48.67818
1601481190.0	49.75509	46.75206	47.34061
1601481189.0	47.82059	41.74961	49.98608
1601481188.0	49.08295	39.88648	49.38529
1601481187.0	49.08946	47.12209	48.99037
1601481186.0	49.05484	45.42038	49.01618
1601481185.0	48.45405	41.98909	46.03771
1601481184.0	51.56826	48.188	50.24783
1601481183.0	51.68158	45.34257	46.4252
1601481182.0	48.62169	44.34864	46.0856
1601481181.0	51.18877	49.52078	46.81126
1601481180.0	52.18644	45.11072	46.74667
1601481179.0	47.37392	42.74845	49.6594
1601481178.0	48.22359	43.02636	46.96231
1601481177.0	51.51344	44.09484	48.51638
1601481176.0	49.32446	50.17717	48.07106
1601481175.0	50.1627	43.86169	48.65916
1601481174.0	49.60328	48.06945	46.94711
1601481173.0	54.48254	46.62769	55.31019
1601481172.0	49.77969	45.88985	45.55099
1601481171.0	48.47225	43.94263	48.43246
1601481170.0	49.33715	45.81086	48.2123
1601481169.0	49.27072	45.91394	48.7109
1601481168.0	52.71007	45.89019	48.96153
1601481167.0	50.88623	46.86798	45.17896
1601481166.0	51.05068	46.46546	52.01827
1601481165.0	50.65524	46.54441	49.876
1601481164.0	51.55198	48.8904	51.80385
1601481163.0	52.06846	48.72448	50.16045
1601481162.0	50.32883	47.414	49.24866
1601481161.0	56.78338	44.71347	52.06302
1601481160.0	49.66437	43.07169	46.45492
1601481159.0	48.87385	46.18188	51.71241
1601481158.0	48.38976	49.18357	56.36758
1601481157.0	50.13382	47.01461	55.98113
1601481156.0	51.79681	45.33894	49.51222
1601481155.0	51.32809	44.10858	52.1133
1601481154.0	50.64696	44.60921	45.39923
1601481153.0	51.24282	46.13019	49.45228
1601481152.0	56.26157	48.52164	54.53815
1601481151.0	55.49866	49.556	56.30753
1601481150.0	57.03433	48.27565	52.10125
1601481149.0	53.41214	46.94761	51.63735
1601481148.0	52.40287	46.77758	52.82158
1601481147.0	50.39344	45.39829	50.83297
1601481146.0	52.71211	49.25417	51.24414
1601481145.0	55.86913	49.40747	55.00393
1601481144.0	55.72552	45.4613	0.0
